exp_num,gamma,doRewardMinus,doProbMinus,lr,hid_dim,objective
0,0.1,True,True,5e-05,64,21247616.0
1,0.1,True,True,5e-05,64,18276090.0
2,0.1,True,True,5e-05,64,19150188.0
3,0.1,True,True,5e-05,64,19826442.0
4,0.1,True,True,5e-05,64,19072094.0
5,0.1,True,True,5e-05,64,19322208.0
6,0.1,True,True,5e-05,64,18969762.0
7,0.1,True,True,5e-05,64,17518810.0
8,0.1,True,True,5e-05,64,18991532.0
9,0.1,True,True,5e-05,64,17767740.0
10,0.1,True,True,5e-05,64,19710730.0
11,0.1,True,True,5e-05,64,18098768.0
12,0.1,True,True,5e-05,64,17730490.0
13,0.1,True,True,5e-05,64,18123504.0
14,0.1,True,True,5e-05,64,18301398.0
15,0.1,True,True,5e-05,64,18218848.0
16,0.1,True,True,5e-05,64,17129610.0
17,0.1,True,True,5e-05,64,16368986.0
18,0.1,True,True,5e-05,64,19486960.0
19,0.1,True,True,5e-05,64,18086996.0
0,0.1,True,True,5e-05,128,20910778.0
1,0.1,True,True,5e-05,128,18308124.0
2,0.1,True,True,5e-05,128,18860356.0
3,0.1,True,True,5e-05,128,19849554.0
4,0.1,True,True,5e-05,128,18829144.0
5,0.1,True,True,5e-05,128,19168594.0
6,0.1,True,True,5e-05,128,18647496.0
7,0.1,True,True,5e-05,128,17406416.0
8,0.1,True,True,5e-05,128,18856656.0
9,0.1,True,True,5e-05,128,17705160.0
10,0.1,True,True,5e-05,128,19508452.0
11,0.1,True,True,5e-05,128,18098644.0
12,0.1,True,True,5e-05,128,17646220.0
13,0.1,True,True,5e-05,128,18057704.0
14,0.1,True,True,5e-05,128,18314240.0
15,0.1,True,True,5e-05,128,17809612.0
16,0.1,True,True,5e-05,128,16897232.0
17,0.1,True,True,5e-05,128,16356202.0
18,0.1,True,True,5e-05,128,19366432.0
19,0.1,True,True,5e-05,128,17637996.0
0,0.1,True,True,5e-05,256,20554444.0
1,0.1,True,True,5e-05,256,18099664.0
2,0.1,True,True,5e-05,256,18588032.0
3,0.1,True,True,5e-05,256,19751980.0
4,0.1,True,True,5e-05,256,18564800.0
5,0.1,True,True,5e-05,256,19089228.0
6,0.1,True,True,5e-05,256,18596572.0
7,0.1,True,True,5e-05,256,17104380.0
8,0.1,True,True,5e-05,256,18779564.0
9,0.1,True,True,5e-05,256,17639266.0
10,0.1,True,True,5e-05,256,19415486.0
11,0.1,True,True,5e-05,256,17912832.0
12,0.1,True,True,5e-05,256,17570666.0
13,0.1,True,True,5e-05,256,17913280.0
14,0.1,True,True,5e-05,256,18192000.0
15,0.1,True,True,5e-05,256,17806964.0
16,0.1,True,True,5e-05,256,16858154.0
17,0.1,True,True,5e-05,256,16252323.0
18,0.1,True,True,5e-05,256,19204896.0
19,0.1,True,True,5e-05,256,17595560.0
0,0.1,True,True,0.0001,64,20607780.0
1,0.1,True,True,0.0001,64,18232264.0
2,0.1,True,True,0.0001,64,18900872.0
3,0.1,True,True,0.0001,64,19785180.0
4,0.1,True,True,0.0001,64,18625456.0
5,0.1,True,True,0.0001,64,19310440.0
6,0.1,True,True,0.0001,64,18622316.0
7,0.1,True,True,0.0001,64,17338376.0
8,0.1,True,True,0.0001,64,18736160.0
9,0.1,True,True,0.0001,64,17690232.0
10,0.1,True,True,0.0001,64,19702172.0
11,0.1,True,True,0.0001,64,18030766.0
12,0.1,True,True,0.0001,64,17652886.0
13,0.1,True,True,0.0001,64,17906880.0
14,0.1,True,True,0.0001,64,18236936.0
15,0.1,True,True,0.0001,64,17793840.0
16,0.1,True,True,0.0001,64,16845484.0
17,0.1,True,True,0.0001,64,16309256.0
18,0.1,True,True,0.0001,64,19291248.0
19,0.1,True,True,0.0001,64,17640408.0
0,0.1,True,True,0.0001,128,20528312.0
1,0.1,True,True,0.0001,128,18105890.0
2,0.1,True,True,0.0001,128,18496030.0
3,0.1,True,True,0.0001,128,19730712.0
4,0.1,True,True,0.0001,128,18573526.0
5,0.1,True,True,0.0001,128,19078970.0
6,0.1,True,True,0.0001,128,18583666.0
7,0.1,True,True,0.0001,128,17198244.0
8,0.1,True,True,0.0001,128,18689602.0
9,0.1,True,True,0.0001,128,17658832.0
10,0.1,True,True,0.0001,128,19416514.0
11,0.1,True,True,0.0001,128,17934088.0
12,0.1,True,True,0.0001,128,17557302.0
13,0.1,True,True,0.0001,128,17888024.0
14,0.1,True,True,0.0001,128,18185446.0
15,0.1,True,True,0.0001,128,17740164.0
16,0.1,True,True,0.0001,128,16832626.0
17,0.1,True,True,0.0001,128,16248724.0
18,0.1,True,True,0.0001,128,19116222.0
19,0.1,True,True,0.0001,128,17579344.0
0,0.1,True,True,0.0001,256,20576310.0
1,0.1,True,True,0.0001,256,18047516.0
2,0.1,True,True,0.0001,256,18496234.0
3,0.1,True,True,0.0001,256,19701352.0
4,0.1,True,True,0.0001,256,18545192.0
5,0.1,True,True,0.0001,256,19082138.0
6,0.1,True,True,0.0001,256,18584614.0
7,0.1,True,True,0.0001,256,17110028.0
8,0.1,True,True,0.0001,256,18661398.0
9,0.1,True,True,0.0001,256,17618800.0
10,0.1,True,True,0.0001,256,19415238.0
11,0.1,True,True,0.0001,256,17898786.0
12,0.1,True,True,0.0001,256,17553672.0
13,0.1,True,True,0.0001,256,17854002.0
14,0.1,True,True,0.0001,256,18145348.0
15,0.1,True,True,0.0001,256,17757636.0
16,0.1,True,True,0.0001,256,16781680.0
17,0.1,True,True,0.0001,256,16230025.0
18,0.1,True,True,0.0001,256,19103388.0
19,0.1,True,True,0.0001,256,17569280.0
0,0.1,True,True,0.0005,64,20509578.0
1,0.1,True,True,0.0005,64,18033094.0
2,0.1,True,True,0.0005,64,18538136.0
3,0.1,True,True,0.0005,64,19690780.0
4,0.1,True,True,0.0005,64,18566388.0
5,0.1,True,True,0.0005,64,19061450.0
6,0.1,True,True,0.0005,64,18554108.0
7,0.1,True,True,0.0005,64,17118970.0
8,0.1,True,True,0.0005,64,18659840.0
9,0.1,True,True,0.0005,64,17631292.0
10,0.1,True,True,0.0005,64,19393194.0
11,0.1,True,True,0.0005,64,17890122.0
12,0.1,True,True,0.0005,64,17549604.0
13,0.1,True,True,0.0005,64,17833192.0
14,0.1,True,True,0.0005,64,18126196.0
15,0.1,True,True,0.0005,64,17744980.0
16,0.1,True,True,0.0005,64,16785654.0
17,0.1,True,True,0.0005,64,16210868.0
18,0.1,True,True,0.0005,64,19117830.0
19,0.1,True,True,0.0005,64,17515224.0
0,0.1,True,True,0.0005,128,20505432.0
1,0.1,True,True,0.0005,128,18008138.0
2,0.1,True,True,0.0005,128,18450842.0
3,0.1,True,True,0.0005,128,19689372.0
4,0.1,True,True,0.0005,128,18540968.0
5,0.1,True,True,0.0005,128,19035070.0
6,0.1,True,True,0.0005,128,18548092.0
7,0.1,True,True,0.0005,128,17109728.0
8,0.1,True,True,0.0005,128,18652804.0
9,0.1,True,True,0.0005,128,17630394.0
10,0.1,True,True,0.0005,128,19377150.0
11,0.1,True,True,0.0005,128,17891120.0
12,0.1,True,True,0.0005,128,17542598.0
13,0.1,True,True,0.0005,128,17838240.0
14,0.1,True,True,0.0005,128,18138084.0
15,0.1,True,True,0.0005,128,17725762.0
16,0.1,True,True,0.0005,128,16775148.0
17,0.1,True,True,0.0005,128,16217073.0
18,0.1,True,True,0.0005,128,19094388.0
19,0.1,True,True,0.0005,128,17488828.0
0,0.1,True,True,0.0005,256,20496340.0
1,0.1,True,True,0.0005,256,18009030.0
2,0.1,True,True,0.0005,256,18476960.0
3,0.1,True,True,0.0005,256,19682286.0
4,0.1,True,True,0.0005,256,18547104.0
5,0.1,True,True,0.0005,256,19048656.0
6,0.1,True,True,0.0005,256,18535708.0
7,0.1,True,True,0.0005,256,17148092.0
8,0.1,True,True,0.0005,256,18666976.0
9,0.1,True,True,0.0005,256,17633892.0
10,0.1,True,True,0.0005,256,19380736.0
11,0.1,True,True,0.0005,256,17897236.0
12,0.1,True,True,0.0005,256,17544084.0
13,0.1,True,True,0.0005,256,17817208.0
14,0.1,True,True,0.0005,256,18156876.0
15,0.1,True,True,0.0005,256,17746358.0
16,0.1,True,True,0.0005,256,16829806.0
17,0.1,True,True,0.0005,256,16213604.0
18,0.1,True,True,0.0005,256,19088952.0
19,0.1,True,True,0.0005,256,17492664.0
0,0.1,True,True,0.001,64,20503776.0
1,0.1,True,True,0.001,64,18008512.0
2,0.1,True,True,0.001,64,18481410.0
3,0.1,True,True,0.001,64,19687680.0
4,0.1,True,True,0.001,64,18554576.0
5,0.1,True,True,0.001,64,19043792.0
6,0.1,True,True,0.001,64,18545158.0
7,0.1,True,True,0.001,64,17106524.0
8,0.1,True,True,0.001,64,18653798.0
9,0.1,True,True,0.001,64,17608200.0
10,0.1,True,True,0.001,64,19408348.0
11,0.1,True,True,0.001,64,17894392.0
12,0.1,True,True,0.001,64,17538188.0
13,0.1,True,True,0.001,64,17843440.0
14,0.1,True,True,0.001,64,18138920.0
15,0.1,True,True,0.001,64,17721674.0
16,0.1,True,True,0.001,64,16855156.0
17,0.1,True,True,0.001,64,16224722.0
18,0.1,True,True,0.001,64,19100568.0
19,0.1,True,True,0.001,64,17522166.0
0,0.1,True,True,0.001,128,20491256.0
1,0.1,True,True,0.001,128,18006412.0
2,0.1,True,True,0.001,128,18481784.0
3,0.1,True,True,0.001,128,19688816.0
4,0.1,True,True,0.001,128,18550032.0
5,0.1,True,True,0.001,128,19043066.0
6,0.1,True,True,0.001,128,18539262.0
7,0.1,True,True,0.001,128,17092968.0
8,0.1,True,True,0.001,128,18648782.0
9,0.1,True,True,0.001,128,17606496.0
10,0.1,True,True,0.001,128,19399432.0
11,0.1,True,True,0.001,128,17887232.0
12,0.1,True,True,0.001,128,17536740.0
13,0.1,True,True,0.001,128,17844052.0
14,0.1,True,True,0.001,128,18128898.0
15,0.1,True,True,0.001,128,17718180.0
16,0.1,True,True,0.001,128,16782968.0
17,0.1,True,True,0.001,128,16222519.0
18,0.1,True,True,0.001,128,19101300.0
19,0.1,True,True,0.001,128,17521040.0
0,0.1,True,True,0.001,256,20523350.0
1,0.1,True,True,0.001,256,18008284.0
2,0.1,True,True,0.001,256,18475208.0
3,0.1,True,True,0.001,256,19682686.0
4,0.1,True,True,0.001,256,18556198.0
5,0.1,True,True,0.001,256,19044646.0
6,0.1,True,True,0.001,256,18557724.0
7,0.1,True,True,0.001,256,17096652.0
8,0.1,True,True,0.001,256,18655080.0
9,0.1,True,True,0.001,256,17626178.0
10,0.1,True,True,0.001,256,19405704.0
11,0.1,True,True,0.001,256,17869722.0
12,0.1,True,True,0.001,256,17547734.0
13,0.1,True,True,0.001,256,17831868.0
14,0.1,True,True,0.001,256,18134506.0
15,0.1,True,True,0.001,256,17750572.0
16,0.1,True,True,0.001,256,16771704.0
17,0.1,True,True,0.001,256,16210872.0
18,0.1,True,True,0.001,256,19111796.0
19,0.1,True,True,0.001,256,17488396.0
0,0.1,True,True,0.005,64,20490598.0
1,0.1,True,True,0.005,64,18004516.0
2,0.1,True,True,0.005,64,18454884.0
3,0.1,True,True,0.005,64,19685172.0
4,0.1,True,True,0.005,64,18542672.0
5,0.1,True,True,0.005,64,19070212.0
6,0.1,True,True,0.005,64,18538220.0
7,0.1,True,True,0.005,64,17109360.0
8,0.1,True,True,0.005,64,18657540.0
9,0.1,True,True,0.005,64,17632184.0
10,0.1,True,True,0.005,64,19412188.0
11,0.1,True,True,0.005,64,17884922.0
12,0.1,True,True,0.005,64,17538068.0
13,0.1,True,True,0.005,64,17823222.0
14,0.1,True,True,0.005,64,18138206.0
15,0.1,True,True,0.005,64,17769980.0
16,0.1,True,True,0.005,64,16817000.0
17,0.1,True,True,0.005,64,16210134.0
18,0.1,True,True,0.005,64,19074982.0
19,0.1,True,True,0.005,64,17534940.0
0,0.1,True,True,0.005,128,20492292.0
1,0.1,True,True,0.005,128,18005632.0
2,0.1,True,True,0.005,128,18446914.0
3,0.1,True,True,0.005,128,19692924.0
4,0.1,True,True,0.005,128,18551662.0
5,0.1,True,True,0.005,128,19101724.0
6,0.1,True,True,0.005,128,18552500.0
7,0.1,True,True,0.005,128,17109360.0
8,0.1,True,True,0.005,128,18652488.0
9,0.1,True,True,0.005,128,17614672.0
10,0.1,True,True,0.005,128,19359384.0
11,0.1,True,True,0.005,128,17868108.0
12,0.1,True,True,0.005,128,17547620.0
13,0.1,True,True,0.005,128,17827240.0
14,0.1,True,True,0.005,128,18150556.0
15,0.1,True,True,0.005,128,17725808.0
16,0.1,True,True,0.005,128,16792002.0
17,0.1,True,True,0.005,128,16226870.0
18,0.1,True,True,0.005,128,19136556.0
19,0.1,True,True,0.005,128,17495946.0
0,0.1,True,True,0.005,256,20532628.0
1,0.1,True,True,0.005,256,18007462.0
2,0.1,True,True,0.005,256,18482150.0
3,0.1,True,True,0.005,256,19735574.0
4,0.1,True,True,0.005,256,18544028.0
5,0.1,True,True,0.005,256,19045138.0
6,0.1,True,True,0.005,256,18548064.0
7,0.1,True,True,0.005,256,17132988.0
8,0.1,True,True,0.005,256,18718380.0
9,0.1,True,True,0.005,256,17655112.0
10,0.1,True,True,0.005,256,19544360.0
11,0.1,True,True,0.005,256,17897256.0
12,0.1,True,True,0.005,256,17569444.0
13,0.1,True,True,0.005,256,17882962.0
14,0.1,True,True,0.005,256,18130950.0
15,0.1,True,True,0.005,256,17736116.0
16,0.1,True,True,0.005,256,16796972.0
17,0.1,True,True,0.005,256,16224074.0
18,0.1,True,True,0.005,256,19095050.0
19,0.1,True,True,0.005,256,17515724.0
0,0.1,True,True,0.01,64,20487304.0
1,0.1,True,True,0.01,64,18040630.0
2,0.1,True,True,0.01,64,18460802.0
3,0.1,True,True,0.01,64,19699324.0
4,0.1,True,True,0.01,64,18534044.0
5,0.1,True,True,0.01,64,19094686.0
6,0.1,True,True,0.01,64,18552252.0
7,0.1,True,True,0.01,64,17115858.0
8,0.1,True,True,0.01,64,18661024.0
9,0.1,True,True,0.01,64,17617032.0
10,0.1,True,True,0.01,64,19396618.0
11,0.1,True,True,0.01,64,17901682.0
12,0.1,True,True,0.01,64,17535616.0
13,0.1,True,True,0.01,64,17819574.0
14,0.1,True,True,0.01,64,18148424.0
15,0.1,True,True,0.01,64,17722164.0
16,0.1,True,True,0.01,64,16783536.0
17,0.1,True,True,0.01,64,16234990.0
18,0.1,True,True,0.01,64,19104426.0
19,0.1,True,True,0.01,64,17519824.0
0,0.1,True,True,0.01,128,20490964.0
1,0.1,True,True,0.01,128,18009832.0
2,0.1,True,True,0.01,128,18500540.0
3,0.1,True,True,0.01,128,19704072.0
4,0.1,True,True,0.01,128,18542068.0
5,0.1,True,True,0.01,128,19057644.0
6,0.1,True,True,0.01,128,18550216.0
7,0.1,True,True,0.01,128,17142036.0
8,0.1,True,True,0.01,128,18662568.0
9,0.1,True,True,0.01,128,17620060.0
10,0.1,True,True,0.01,128,19355974.0
11,0.1,True,True,0.01,128,17905444.0
12,0.1,True,True,0.01,128,17538692.0
13,0.1,True,True,0.01,128,17875226.0
14,0.1,True,True,0.01,128,18136858.0
15,0.1,True,True,0.01,128,17740048.0
16,0.1,True,True,0.01,128,16845070.0
17,0.1,True,True,0.01,128,16223392.0
18,0.1,True,True,0.01,128,19224472.0
19,0.1,True,True,0.01,128,17522036.0
0,0.1,True,True,0.01,256,20511488.0
1,0.1,True,True,0.01,256,18043808.0
2,0.1,True,True,0.01,256,18485856.0
3,0.1,True,True,0.01,256,19706500.0
4,0.1,True,True,0.01,256,18539992.0
5,0.1,True,True,0.01,256,19067658.0
6,0.1,True,True,0.01,256,18569184.0
7,0.1,True,True,0.01,256,17217656.0
8,0.1,True,True,0.01,256,18689332.0
9,0.1,True,True,0.01,256,17646176.0
10,0.1,True,True,0.01,256,19367376.0
11,0.1,True,True,0.01,256,17898802.0
12,0.1,True,True,0.01,256,17542282.0
13,0.1,True,True,0.01,256,17873502.0
14,0.1,True,True,0.01,256,18140810.0
15,0.1,True,True,0.01,256,17743646.0
16,0.1,True,True,0.01,256,16801564.0
17,0.1,True,True,0.01,256,16213467.0
18,0.1,True,True,0.01,256,19134552.0
19,0.1,True,True,0.01,256,17511558.0
0,0.1,True,False,5e-05,64,21659460.0
1,0.1,True,False,5e-05,64,18738132.0
2,0.1,True,False,5e-05,64,19611904.0
3,0.1,True,False,5e-05,64,20087996.0
4,0.1,True,False,5e-05,64,19427228.0
5,0.1,True,False,5e-05,64,19837276.0
6,0.1,True,False,5e-05,64,19415662.0
7,0.1,True,False,5e-05,64,17709328.0
8,0.1,True,False,5e-05,64,19214728.0
9,0.1,True,False,5e-05,64,18058516.0
10,0.1,True,False,5e-05,64,20344420.0
11,0.1,True,False,5e-05,64,18522782.0
12,0.1,True,False,5e-05,64,18084336.0
13,0.1,True,False,5e-05,64,18357908.0
14,0.1,True,False,5e-05,64,18543266.0
15,0.1,True,False,5e-05,64,18498828.0
16,0.1,True,False,5e-05,64,17877232.0
17,0.1,True,False,5e-05,64,16590068.0
18,0.1,True,False,5e-05,64,19777450.0
19,0.1,True,False,5e-05,64,18430496.0
0,0.1,True,False,5e-05,128,21664232.0
1,0.1,True,False,5e-05,128,18751854.0
2,0.1,True,False,5e-05,128,19600276.0
3,0.1,True,False,5e-05,128,20057880.0
4,0.1,True,False,5e-05,128,19435922.0
5,0.1,True,False,5e-05,128,19815964.0
6,0.1,True,False,5e-05,128,19393600.0
7,0.1,True,False,5e-05,128,17741508.0
8,0.1,True,False,5e-05,128,19230322.0
9,0.1,True,False,5e-05,128,18049188.0
10,0.1,True,False,5e-05,128,20346204.0
11,0.1,True,False,5e-05,128,18527080.0
12,0.1,True,False,5e-05,128,18064392.0
13,0.1,True,False,5e-05,128,18395234.0
14,0.1,True,False,5e-05,128,18578842.0
15,0.1,True,False,5e-05,128,18497532.0
16,0.1,True,False,5e-05,128,17867132.0
17,0.1,True,False,5e-05,128,16601820.0
18,0.1,True,False,5e-05,128,19747282.0
19,0.1,True,False,5e-05,128,18424172.0
0,0.1,True,False,5e-05,256,21642290.0
1,0.1,True,False,5e-05,256,18766556.0
2,0.1,True,False,5e-05,256,19609316.0
3,0.1,True,False,5e-05,256,20089368.0
4,0.1,True,False,5e-05,256,19422968.0
5,0.1,True,False,5e-05,256,19888870.0
6,0.1,True,False,5e-05,256,19438078.0
7,0.1,True,False,5e-05,256,17735368.0
8,0.1,True,False,5e-05,256,19227372.0
9,0.1,True,False,5e-05,256,18088946.0
10,0.1,True,False,5e-05,256,20327004.0
11,0.1,True,False,5e-05,256,18540736.0
12,0.1,True,False,5e-05,256,18095894.0
13,0.1,True,False,5e-05,256,18386920.0
14,0.1,True,False,5e-05,256,18553686.0
15,0.1,True,False,5e-05,256,18539804.0
16,0.1,True,False,5e-05,256,17907174.0
17,0.1,True,False,5e-05,256,16641208.0
18,0.1,True,False,5e-05,256,19757046.0
19,0.1,True,False,5e-05,256,18483142.0
0,0.1,True,False,0.0001,64,21687838.0
1,0.1,True,False,0.0001,64,18753582.0
2,0.1,True,False,0.0001,64,19623232.0
3,0.1,True,False,0.0001,64,20076164.0
4,0.1,True,False,0.0001,64,19453324.0
5,0.1,True,False,0.0001,64,19835628.0
6,0.1,True,False,0.0001,64,19398142.0
7,0.1,True,False,0.0001,64,17722854.0
8,0.1,True,False,0.0001,64,19238102.0
9,0.1,True,False,0.0001,64,18079088.0
10,0.1,True,False,0.0001,64,20365024.0
11,0.1,True,False,0.0001,64,18520936.0
12,0.1,True,False,0.0001,64,18053204.0
13,0.1,True,False,0.0001,64,18369650.0
14,0.1,True,False,0.0001,64,18558042.0
15,0.1,True,False,0.0001,64,18532908.0
16,0.1,True,False,0.0001,64,17932004.0
17,0.1,True,False,0.0001,64,16622038.0
18,0.1,True,False,0.0001,64,19759346.0
19,0.1,True,False,0.0001,64,18432284.0
0,0.1,True,False,0.0001,128,21685816.0
1,0.1,True,False,0.0001,128,18719320.0
2,0.1,True,False,0.0001,128,19605978.0
3,0.1,True,False,0.0001,128,20097550.0
4,0.1,True,False,0.0001,128,19473972.0
5,0.1,True,False,0.0001,128,19829178.0
6,0.1,True,False,0.0001,128,19438888.0
7,0.1,True,False,0.0001,128,17746936.0
8,0.1,True,False,0.0001,128,19251024.0
9,0.1,True,False,0.0001,128,18077166.0
10,0.1,True,False,0.0001,128,20352816.0
11,0.1,True,False,0.0001,128,18508226.0
12,0.1,True,False,0.0001,128,18061568.0
13,0.1,True,False,0.0001,128,18369880.0
14,0.1,True,False,0.0001,128,18579686.0
15,0.1,True,False,0.0001,128,18505524.0
16,0.1,True,False,0.0001,128,17906786.0
17,0.1,True,False,0.0001,128,16638944.0
18,0.1,True,False,0.0001,128,19799240.0
19,0.1,True,False,0.0001,128,18434276.0
0,0.1,True,False,0.0001,256,21710340.0
1,0.1,True,False,0.0001,256,18784728.0
2,0.1,True,False,0.0001,256,19646510.0
3,0.1,True,False,0.0001,256,20084088.0
4,0.1,True,False,0.0001,256,19404758.0
5,0.1,True,False,0.0001,256,19854380.0
6,0.1,True,False,0.0001,256,19430224.0
7,0.1,True,False,0.0001,256,17750946.0
8,0.1,True,False,0.0001,256,19271952.0
9,0.1,True,False,0.0001,256,18090836.0
10,0.1,True,False,0.0001,256,20362224.0
11,0.1,True,False,0.0001,256,18535652.0
12,0.1,True,False,0.0001,256,18071240.0
13,0.1,True,False,0.0001,256,18378520.0
14,0.1,True,False,0.0001,256,18565708.0
15,0.1,True,False,0.0001,256,18540872.0
16,0.1,True,False,0.0001,256,17907348.0
17,0.1,True,False,0.0001,256,16618019.0
18,0.1,True,False,0.0001,256,19793548.0
19,0.1,True,False,0.0001,256,18436504.0
0,0.1,True,False,0.0005,64,21628000.0
1,0.1,True,False,0.0005,64,18774428.0
2,0.1,True,False,0.0005,64,19626500.0
3,0.1,True,False,0.0005,64,20061342.0
4,0.1,True,False,0.0005,64,19439068.0
5,0.1,True,False,0.0005,64,19850862.0
6,0.1,True,False,0.0005,64,19425108.0
7,0.1,True,False,0.0005,64,17736146.0
8,0.1,True,False,0.0005,64,19247892.0
9,0.1,True,False,0.0005,64,18081032.0
10,0.1,True,False,0.0005,64,20356908.0
11,0.1,True,False,0.0005,64,18524176.0
12,0.1,True,False,0.0005,64,18067034.0
13,0.1,True,False,0.0005,64,18393604.0
14,0.1,True,False,0.0005,64,18585624.0
15,0.1,True,False,0.0005,64,18536342.0
16,0.1,True,False,0.0005,64,17885186.0
17,0.1,True,False,0.0005,64,16634334.0
18,0.1,True,False,0.0005,64,19780476.0
19,0.1,True,False,0.0005,64,18433898.0
0,0.1,True,False,0.0005,128,21709560.0
1,0.1,True,False,0.0005,128,18789156.0
2,0.1,True,False,0.0005,128,19562324.0
3,0.1,True,False,0.0005,128,20092224.0
4,0.1,True,False,0.0005,128,19484220.0
5,0.1,True,False,0.0005,128,19844232.0
6,0.1,True,False,0.0005,128,19468912.0
7,0.1,True,False,0.0005,128,17753136.0
8,0.1,True,False,0.0005,128,19278250.0
9,0.1,True,False,0.0005,128,18095584.0
10,0.1,True,False,0.0005,128,20348936.0
11,0.1,True,False,0.0005,128,18561658.0
12,0.1,True,False,0.0005,128,18080142.0
13,0.1,True,False,0.0005,128,18389852.0
14,0.1,True,False,0.0005,128,18583540.0
15,0.1,True,False,0.0005,128,18552750.0
16,0.1,True,False,0.0005,128,17910318.0
17,0.1,True,False,0.0005,128,16627871.0
18,0.1,True,False,0.0005,128,19809600.0
19,0.1,True,False,0.0005,128,18460936.0
0,0.1,True,False,0.0005,256,21701088.0
1,0.1,True,False,0.0005,256,18760752.0
2,0.1,True,False,0.0005,256,19603016.0
3,0.1,True,False,0.0005,256,20099360.0
4,0.1,True,False,0.0005,256,19465290.0
5,0.1,True,False,0.0005,256,19851884.0
6,0.1,True,False,0.0005,256,19464508.0
7,0.1,True,False,0.0005,256,17782406.0
8,0.1,True,False,0.0005,256,19261328.0
9,0.1,True,False,0.0005,256,18097826.0
10,0.1,True,False,0.0005,256,20359780.0
11,0.1,True,False,0.0005,256,18553050.0
12,0.1,True,False,0.0005,256,18088376.0
13,0.1,True,False,0.0005,256,18404466.0
14,0.1,True,False,0.0005,256,18572446.0
15,0.1,True,False,0.0005,256,18514504.0
16,0.1,True,False,0.0005,256,17911316.0
17,0.1,True,False,0.0005,256,16629926.0
18,0.1,True,False,0.0005,256,19784382.0
19,0.1,True,False,0.0005,256,18464420.0
0,0.1,True,False,0.001,64,21700928.0
1,0.1,True,False,0.001,64,18745512.0
2,0.1,True,False,0.001,64,19646488.0
3,0.1,True,False,0.001,64,20085812.0
4,0.1,True,False,0.001,64,19459900.0
5,0.1,True,False,0.001,64,19847474.0
6,0.1,True,False,0.001,64,19438636.0
7,0.1,True,False,0.001,64,17746490.0
8,0.1,True,False,0.001,64,19248476.0
9,0.1,True,False,0.001,64,18059274.0
10,0.1,True,False,0.001,64,20349504.0
11,0.1,True,False,0.001,64,18540788.0
12,0.1,True,False,0.001,64,18079652.0
13,0.1,True,False,0.001,64,18395790.0
14,0.1,True,False,0.001,64,18557652.0
15,0.1,True,False,0.001,64,18539220.0
16,0.1,True,False,0.001,64,17936232.0
17,0.1,True,False,0.001,64,16626331.0
18,0.1,True,False,0.001,64,19775238.0
19,0.1,True,False,0.001,64,18436460.0
0,0.1,True,False,0.001,128,21707598.0
1,0.1,True,False,0.001,128,18775480.0
2,0.1,True,False,0.001,128,19628488.0
3,0.1,True,False,0.001,128,20102920.0
4,0.1,True,False,0.001,128,19462236.0
5,0.1,True,False,0.001,128,19882872.0
6,0.1,True,False,0.001,128,19437992.0
7,0.1,True,False,0.001,128,17757576.0
8,0.1,True,False,0.001,128,19223014.0
9,0.1,True,False,0.001,128,18092152.0
10,0.1,True,False,0.001,128,20356548.0
11,0.1,True,False,0.001,128,18554172.0
12,0.1,True,False,0.001,128,18074116.0
13,0.1,True,False,0.001,128,18382252.0
14,0.1,True,False,0.001,128,18566332.0
15,0.1,True,False,0.001,128,18548680.0
16,0.1,True,False,0.001,128,17901344.0
17,0.1,True,False,0.001,128,16612648.0
18,0.1,True,False,0.001,128,19764616.0
19,0.1,True,False,0.001,128,18454428.0
0,0.1,True,False,0.001,256,21727916.0
1,0.1,True,False,0.001,256,18771952.0
2,0.1,True,False,0.001,256,19636754.0
3,0.1,True,False,0.001,256,20099404.0
4,0.1,True,False,0.001,256,19463048.0
5,0.1,True,False,0.001,256,19898182.0
6,0.1,True,False,0.001,256,19454048.0
7,0.1,True,False,0.001,256,17794568.0
8,0.1,True,False,0.001,256,19256110.0
9,0.1,True,False,0.001,256,18098380.0
10,0.1,True,False,0.001,256,20350156.0
11,0.1,True,False,0.001,256,18520364.0
12,0.1,True,False,0.001,256,18098468.0
13,0.1,True,False,0.001,256,18423384.0
14,0.1,True,False,0.001,256,18580936.0
15,0.1,True,False,0.001,256,18532404.0
16,0.1,True,False,0.001,256,17951464.0
17,0.1,True,False,0.001,256,16683929.0
18,0.1,True,False,0.001,256,19815106.0
19,0.1,True,False,0.001,256,18442106.0
0,0.1,True,False,0.005,64,21659358.0
1,0.1,True,False,0.005,64,18772504.0
2,0.1,True,False,0.005,64,19637744.0
3,0.1,True,False,0.005,64,20102882.0
4,0.1,True,False,0.005,64,19492014.0
5,0.1,True,False,0.005,64,19878868.0
6,0.1,True,False,0.005,64,19443720.0
7,0.1,True,False,0.005,64,17764352.0
8,0.1,True,False,0.005,64,19250148.0
9,0.1,True,False,0.005,64,18096844.0
10,0.1,True,False,0.005,64,20335820.0
11,0.1,True,False,0.005,64,18565188.0
12,0.1,True,False,0.005,64,18086342.0
13,0.1,True,False,0.005,64,18389236.0
14,0.1,True,False,0.005,64,18588460.0
15,0.1,True,False,0.005,64,18541906.0
16,0.1,True,False,0.005,64,17948768.0
17,0.1,True,False,0.005,64,16631139.0
18,0.1,True,False,0.005,64,19770496.0
19,0.1,True,False,0.005,64,18426604.0
0,0.1,True,False,0.005,128,21736328.0
1,0.1,True,False,0.005,128,18777438.0
2,0.1,True,False,0.005,128,19640586.0
3,0.1,True,False,0.005,128,20089868.0
4,0.1,True,False,0.005,128,19422446.0
5,0.1,True,False,0.005,128,19847680.0
6,0.1,True,False,0.005,128,19449428.0
7,0.1,True,False,0.005,128,17752888.0
8,0.1,True,False,0.005,128,19258884.0
9,0.1,True,False,0.005,128,18097276.0
10,0.1,True,False,0.005,128,20372568.0
11,0.1,True,False,0.005,128,18535168.0
12,0.1,True,False,0.005,128,18120532.0
13,0.1,True,False,0.005,128,18410856.0
14,0.1,True,False,0.005,128,18579040.0
15,0.1,True,False,0.005,128,18542740.0
16,0.1,True,False,0.005,128,17917672.0
17,0.1,True,False,0.005,128,16600424.0
18,0.1,True,False,0.005,128,19756592.0
19,0.1,True,False,0.005,128,18471226.0
0,0.1,True,False,0.005,256,21644094.0
1,0.1,True,False,0.005,256,18801868.0
2,0.1,True,False,0.005,256,19626796.0
3,0.1,True,False,0.005,256,20099144.0
4,0.1,True,False,0.005,256,19466890.0
5,0.1,True,False,0.005,256,19882576.0
6,0.1,True,False,0.005,256,19490390.0
7,0.1,True,False,0.005,256,17773132.0
8,0.1,True,False,0.005,256,19269272.0
9,0.1,True,False,0.005,256,18087484.0
10,0.1,True,False,0.005,256,20393272.0
11,0.1,True,False,0.005,256,18543506.0
12,0.1,True,False,0.005,256,18096184.0
13,0.1,True,False,0.005,256,18368290.0
14,0.1,True,False,0.005,256,18596452.0
15,0.1,True,False,0.005,256,18548606.0
16,0.1,True,False,0.005,256,17896888.0
17,0.1,True,False,0.005,256,16629299.0
18,0.1,True,False,0.005,256,19795912.0
19,0.1,True,False,0.005,256,18454034.0
0,0.1,True,False,0.01,64,21734024.0
1,0.1,True,False,0.01,64,18793940.0
2,0.1,True,False,0.01,64,19678584.0
3,0.1,True,False,0.01,64,20088120.0
4,0.1,True,False,0.01,64,19475470.0
5,0.1,True,False,0.01,64,19823332.0
6,0.1,True,False,0.01,64,19442416.0
7,0.1,True,False,0.01,64,17736220.0
8,0.1,True,False,0.01,64,19227244.0
9,0.1,True,False,0.01,64,18074968.0
10,0.1,True,False,0.01,64,20393140.0
11,0.1,True,False,0.01,64,18533538.0
12,0.1,True,False,0.01,64,18108720.0
13,0.1,True,False,0.01,64,18387358.0
14,0.1,True,False,0.01,64,18562196.0
15,0.1,True,False,0.01,64,18497182.0
16,0.1,True,False,0.01,64,17925298.0
17,0.1,True,False,0.01,64,16647479.0
18,0.1,True,False,0.01,64,19788012.0
19,0.1,True,False,0.01,64,18448236.0
0,0.1,True,False,0.01,128,21720984.0
1,0.1,True,False,0.01,128,18758600.0
2,0.1,True,False,0.01,128,19626324.0
3,0.1,True,False,0.01,128,20067836.0
4,0.1,True,False,0.01,128,19473454.0
5,0.1,True,False,0.01,128,19912710.0
6,0.1,True,False,0.01,128,19446010.0
7,0.1,True,False,0.01,128,17775012.0
8,0.1,True,False,0.01,128,19263912.0
9,0.1,True,False,0.01,128,18097748.0
10,0.1,True,False,0.01,128,20395162.0
11,0.1,True,False,0.01,128,18520948.0
12,0.1,True,False,0.01,128,18134812.0
13,0.1,True,False,0.01,128,18397112.0
14,0.1,True,False,0.01,128,18565070.0
15,0.1,True,False,0.01,128,18547712.0
16,0.1,True,False,0.01,128,17901400.0
17,0.1,True,False,0.01,128,16665661.0
18,0.1,True,False,0.01,128,19787704.0
19,0.1,True,False,0.01,128,18421244.0
0,0.1,True,False,0.01,256,21692100.0
1,0.1,True,False,0.01,256,18769892.0
2,0.1,True,False,0.01,256,19679184.0
3,0.1,True,False,0.01,256,20113650.0
4,0.1,True,False,0.01,256,19446912.0
5,0.1,True,False,0.01,256,19836380.0
6,0.1,True,False,0.01,256,19465580.0
7,0.1,True,False,0.01,256,17751466.0
8,0.1,True,False,0.01,256,19243624.0
9,0.1,True,False,0.01,256,18095274.0
10,0.1,True,False,0.01,256,20378162.0
11,0.1,True,False,0.01,256,18534978.0
12,0.1,True,False,0.01,256,18072660.0
13,0.1,True,False,0.01,256,18386272.0
14,0.1,True,False,0.01,256,18600816.0
15,0.1,True,False,0.01,256,18526964.0
16,0.1,True,False,0.01,256,17931594.0
17,0.1,True,False,0.01,256,16625752.0
18,0.1,True,False,0.01,256,19769598.0
19,0.1,True,False,0.01,256,18430396.0
0,0.1,False,True,5e-05,64,21657760.0
1,0.1,False,True,5e-05,64,18768252.0
2,0.1,False,True,5e-05,64,19588480.0
3,0.1,False,True,5e-05,64,20078352.0
4,0.1,False,True,5e-05,64,19418076.0
5,0.1,False,True,5e-05,64,19860700.0
6,0.1,False,True,5e-05,64,19401726.0
7,0.1,False,True,5e-05,64,17720060.0
8,0.1,False,True,5e-05,64,19249618.0
9,0.1,False,True,5e-05,64,18045532.0
10,0.1,False,True,5e-05,64,20370238.0
11,0.1,False,True,5e-05,64,18513660.0
12,0.1,False,True,5e-05,64,18079474.0
13,0.1,False,True,5e-05,64,18385700.0
14,0.1,False,True,5e-05,64,18556872.0
15,0.1,False,True,5e-05,64,18495762.0
16,0.1,False,True,5e-05,64,17882224.0
17,0.1,False,True,5e-05,64,16627316.0
18,0.1,False,True,5e-05,64,19777580.0
19,0.1,False,True,5e-05,64,18413080.0
0,0.1,False,True,5e-05,128,21657484.0
1,0.1,False,True,5e-05,128,18739090.0
2,0.1,False,True,5e-05,128,19609822.0
3,0.1,False,True,5e-05,128,20095372.0
4,0.1,False,True,5e-05,128,19488706.0
5,0.1,False,True,5e-05,128,19841380.0
6,0.1,False,True,5e-05,128,19407074.0
7,0.1,False,True,5e-05,128,17738384.0
8,0.1,False,True,5e-05,128,19265540.0
9,0.1,False,True,5e-05,128,18092664.0
10,0.1,False,True,5e-05,128,20400110.0
11,0.1,False,True,5e-05,128,18534806.0
12,0.1,False,True,5e-05,128,18072912.0
13,0.1,False,True,5e-05,128,18368308.0
14,0.1,False,True,5e-05,128,18554254.0
15,0.1,False,True,5e-05,128,18520940.0
16,0.1,False,True,5e-05,128,17924802.0
17,0.1,False,True,5e-05,128,16635644.0
18,0.1,False,True,5e-05,128,19760404.0
19,0.1,False,True,5e-05,128,18401782.0
0,0.1,False,True,5e-05,256,21698280.0
1,0.1,False,True,5e-05,256,18732932.0
2,0.1,False,True,5e-05,256,19613280.0
3,0.1,False,True,5e-05,256,20087728.0
4,0.1,False,True,5e-05,256,19445204.0
5,0.1,False,True,5e-05,256,19843912.0
6,0.1,False,True,5e-05,256,19403780.0
7,0.1,False,True,5e-05,256,17759036.0
8,0.1,False,True,5e-05,256,19257008.0
9,0.1,False,True,5e-05,256,18116652.0
10,0.1,False,True,5e-05,256,20337550.0
11,0.1,False,True,5e-05,256,18558128.0
12,0.1,False,True,5e-05,256,18046212.0
13,0.1,False,True,5e-05,256,18380606.0
14,0.1,False,True,5e-05,256,18539588.0
15,0.1,False,True,5e-05,256,18533278.0
16,0.1,False,True,5e-05,256,17875972.0
17,0.1,False,True,5e-05,256,16632968.0
18,0.1,False,True,5e-05,256,19771072.0
19,0.1,False,True,5e-05,256,18434944.0
0,0.1,False,True,0.0001,64,21679778.0
1,0.1,False,True,0.0001,64,18753434.0
2,0.1,False,True,0.0001,64,19615656.0
3,0.1,False,True,0.0001,64,20097424.0
4,0.1,False,True,0.0001,64,19455134.0
5,0.1,False,True,0.0001,64,19825094.0
6,0.1,False,True,0.0001,64,19429540.0
7,0.1,False,True,0.0001,64,17727248.0
8,0.1,False,True,0.0001,64,19245612.0
9,0.1,False,True,0.0001,64,18068364.0
10,0.1,False,True,0.0001,64,20360048.0
11,0.1,False,True,0.0001,64,18529652.0
12,0.1,False,True,0.0001,64,18083912.0
13,0.1,False,True,0.0001,64,18404196.0
14,0.1,False,True,0.0001,64,18560376.0
15,0.1,False,True,0.0001,64,18503540.0
16,0.1,False,True,0.0001,64,17865652.0
17,0.1,False,True,0.0001,64,16607996.0
18,0.1,False,True,0.0001,64,19781952.0
19,0.1,False,True,0.0001,64,18464226.0
0,0.1,False,True,0.0001,128,21666710.0
1,0.1,False,True,0.0001,128,18751314.0
2,0.1,False,True,0.0001,128,19627076.0
3,0.1,False,True,0.0001,128,20102240.0
4,0.1,False,True,0.0001,128,19461820.0
5,0.1,False,True,0.0001,128,19846180.0
6,0.1,False,True,0.0001,128,19400898.0
7,0.1,False,True,0.0001,128,17722900.0
8,0.1,False,True,0.0001,128,19238756.0
9,0.1,False,True,0.0001,128,18069250.0
10,0.1,False,True,0.0001,128,20350144.0
11,0.1,False,True,0.0001,128,18539692.0
12,0.1,False,True,0.0001,128,18072692.0
13,0.1,False,True,0.0001,128,18391516.0
14,0.1,False,True,0.0001,128,18581468.0
15,0.1,False,True,0.0001,128,18524042.0
16,0.1,False,True,0.0001,128,17923096.0
17,0.1,False,True,0.0001,128,16619038.0
18,0.1,False,True,0.0001,128,19764764.0
19,0.1,False,True,0.0001,128,18445480.0
0,0.1,False,True,0.0001,256,21688504.0
1,0.1,False,True,0.0001,256,18772448.0
2,0.1,False,True,0.0001,256,19613296.0
3,0.1,False,True,0.0001,256,20083336.0
4,0.1,False,True,0.0001,256,19459380.0
5,0.1,False,True,0.0001,256,19870092.0
6,0.1,False,True,0.0001,256,19438384.0
7,0.1,False,True,0.0001,256,17754236.0
8,0.1,False,True,0.0001,256,19246536.0
9,0.1,False,True,0.0001,256,18087700.0
10,0.1,False,True,0.0001,256,20364454.0
11,0.1,False,True,0.0001,256,18533928.0
12,0.1,False,True,0.0001,256,18085450.0
13,0.1,False,True,0.0001,256,18415440.0
14,0.1,False,True,0.0001,256,18582856.0
15,0.1,False,True,0.0001,256,18544368.0
16,0.1,False,True,0.0001,256,17885052.0
17,0.1,False,True,0.0001,256,16624007.0
18,0.1,False,True,0.0001,256,19777636.0
19,0.1,False,True,0.0001,256,18442912.0
0,0.1,False,True,0.0005,64,21686834.0
1,0.1,False,True,0.0005,64,18766080.0
2,0.1,False,True,0.0005,64,19618240.0
3,0.1,False,True,0.0005,64,20087836.0
4,0.1,False,True,0.0005,64,19449536.0
5,0.1,False,True,0.0005,64,19864598.0
6,0.1,False,True,0.0005,64,19430482.0
7,0.1,False,True,0.0005,64,17759010.0
8,0.1,False,True,0.0005,64,19229200.0
9,0.1,False,True,0.0005,64,18093000.0
10,0.1,False,True,0.0005,64,20340316.0
11,0.1,False,True,0.0005,64,18527932.0
12,0.1,False,True,0.0005,64,18063844.0
13,0.1,False,True,0.0005,64,18385632.0
14,0.1,False,True,0.0005,64,18551212.0
15,0.1,False,True,0.0005,64,18534208.0
16,0.1,False,True,0.0005,64,17881970.0
17,0.1,False,True,0.0005,64,16610610.0
18,0.1,False,True,0.0005,64,19766440.0
19,0.1,False,True,0.0005,64,18472214.0
0,0.1,False,True,0.0005,128,21693992.0
1,0.1,False,True,0.0005,128,18742692.0
2,0.1,False,True,0.0005,128,19614898.0
3,0.1,False,True,0.0005,128,20091096.0
4,0.1,False,True,0.0005,128,19443676.0
5,0.1,False,True,0.0005,128,19884488.0
6,0.1,False,True,0.0005,128,19435568.0
7,0.1,False,True,0.0005,128,17741452.0
8,0.1,False,True,0.0005,128,19240536.0
9,0.1,False,True,0.0005,128,18079580.0
10,0.1,False,True,0.0005,128,20366988.0
11,0.1,False,True,0.0005,128,18575884.0
12,0.1,False,True,0.0005,128,18084700.0
13,0.1,False,True,0.0005,128,18400870.0
14,0.1,False,True,0.0005,128,18557388.0
15,0.1,False,True,0.0005,128,18535152.0
16,0.1,False,True,0.0005,128,17914416.0
17,0.1,False,True,0.0005,128,16606995.0
18,0.1,False,True,0.0005,128,19773100.0
19,0.1,False,True,0.0005,128,18436166.0
0,0.1,False,True,0.0005,256,21677890.0
1,0.1,False,True,0.0005,256,18749100.0
2,0.1,False,True,0.0005,256,19607732.0
3,0.1,False,True,0.0005,256,20094016.0
4,0.1,False,True,0.0005,256,19455946.0
5,0.1,False,True,0.0005,256,19869744.0
6,0.1,False,True,0.0005,256,19427884.0
7,0.1,False,True,0.0005,256,17745258.0
8,0.1,False,True,0.0005,256,19254982.0
9,0.1,False,True,0.0005,256,18100004.0
10,0.1,False,True,0.0005,256,20345834.0
11,0.1,False,True,0.0005,256,18554460.0
12,0.1,False,True,0.0005,256,18079846.0
13,0.1,False,True,0.0005,256,18378296.0
14,0.1,False,True,0.0005,256,18585810.0
15,0.1,False,True,0.0005,256,18547744.0
16,0.1,False,True,0.0005,256,17880884.0
17,0.1,False,True,0.0005,256,16617620.0
18,0.1,False,True,0.0005,256,19771784.0
19,0.1,False,True,0.0005,256,18466640.0
0,0.1,False,True,0.001,64,21700778.0
1,0.1,False,True,0.001,64,18794736.0
2,0.1,False,True,0.001,64,19656300.0
3,0.1,False,True,0.001,64,20068514.0
4,0.1,False,True,0.001,64,19458622.0
5,0.1,False,True,0.001,64,19871140.0
6,0.1,False,True,0.001,64,19495192.0
7,0.1,False,True,0.001,64,17743258.0
8,0.1,False,True,0.001,64,19265584.0
9,0.1,False,True,0.001,64,18094738.0
10,0.1,False,True,0.001,64,20370200.0
11,0.1,False,True,0.001,64,18525364.0
12,0.1,False,True,0.001,64,18061652.0
13,0.1,False,True,0.001,64,18404872.0
14,0.1,False,True,0.001,64,18563128.0
15,0.1,False,True,0.001,64,18533796.0
16,0.1,False,True,0.001,64,17914434.0
17,0.1,False,True,0.001,64,16611793.0
18,0.1,False,True,0.001,64,19820372.0
19,0.1,False,True,0.001,64,18431708.0
0,0.1,False,True,0.001,128,21719876.0
1,0.1,False,True,0.001,128,18787016.0
2,0.1,False,True,0.001,128,19622468.0
3,0.1,False,True,0.001,128,20090480.0
4,0.1,False,True,0.001,128,19470584.0
5,0.1,False,True,0.001,128,19863464.0
6,0.1,False,True,0.001,128,19436196.0
7,0.1,False,True,0.001,128,17749012.0
8,0.1,False,True,0.001,128,19263312.0
9,0.1,False,True,0.001,128,18080464.0
10,0.1,False,True,0.001,128,20365166.0
11,0.1,False,True,0.001,128,18544184.0
12,0.1,False,True,0.001,128,18096628.0
13,0.1,False,True,0.001,128,18369284.0
14,0.1,False,True,0.001,128,18566706.0
15,0.1,False,True,0.001,128,18531834.0
16,0.1,False,True,0.001,128,17926912.0
17,0.1,False,True,0.001,128,16639148.0
18,0.1,False,True,0.001,128,19766288.0
19,0.1,False,True,0.001,128,18466058.0
0,0.1,False,True,0.001,256,21642652.0
1,0.1,False,True,0.001,256,18758820.0
2,0.1,False,True,0.001,256,19635052.0
3,0.1,False,True,0.001,256,20080304.0
4,0.1,False,True,0.001,256,19527928.0
5,0.1,False,True,0.001,256,19895408.0
6,0.1,False,True,0.001,256,19443574.0
7,0.1,False,True,0.001,256,17743572.0
8,0.1,False,True,0.001,256,19292612.0
9,0.1,False,True,0.001,256,18114342.0
10,0.1,False,True,0.001,256,20388714.0
11,0.1,False,True,0.001,256,18521356.0
12,0.1,False,True,0.001,256,18067898.0
13,0.1,False,True,0.001,256,18377908.0
14,0.1,False,True,0.001,256,18598420.0
15,0.1,False,True,0.001,256,18530228.0
16,0.1,False,True,0.001,256,17925700.0
17,0.1,False,True,0.001,256,16638836.0
18,0.1,False,True,0.001,256,19811922.0
19,0.1,False,True,0.001,256,18430692.0
0,0.1,False,True,0.005,64,21697104.0
1,0.1,False,True,0.005,64,18755048.0
2,0.1,False,True,0.005,64,19643664.0
3,0.1,False,True,0.005,64,20108030.0
4,0.1,False,True,0.005,64,19486190.0
5,0.1,False,True,0.005,64,19859250.0
6,0.1,False,True,0.005,64,19450944.0
7,0.1,False,True,0.005,64,17756740.0
8,0.1,False,True,0.005,64,19263588.0
9,0.1,False,True,0.005,64,18089674.0
10,0.1,False,True,0.005,64,20361768.0
11,0.1,False,True,0.005,64,18534252.0
12,0.1,False,True,0.005,64,18136852.0
13,0.1,False,True,0.005,64,18418276.0
14,0.1,False,True,0.005,64,18593660.0
15,0.1,False,True,0.005,64,18515320.0
16,0.1,False,True,0.005,64,17900700.0
17,0.1,False,True,0.005,64,16644284.0
18,0.1,False,True,0.005,64,19790072.0
19,0.1,False,True,0.005,64,18467824.0
0,0.1,False,True,0.005,128,21682476.0
1,0.1,False,True,0.005,128,18762504.0
2,0.1,False,True,0.005,128,19645418.0
3,0.1,False,True,0.005,128,20080596.0
4,0.1,False,True,0.005,128,19449938.0
5,0.1,False,True,0.005,128,19876392.0
6,0.1,False,True,0.005,128,19454404.0
7,0.1,False,True,0.005,128,17729770.0
8,0.1,False,True,0.005,128,19244662.0
9,0.1,False,True,0.005,128,18080440.0
10,0.1,False,True,0.005,128,20407948.0
11,0.1,False,True,0.005,128,18554012.0
12,0.1,False,True,0.005,128,18088292.0
13,0.1,False,True,0.005,128,18437136.0
14,0.1,False,True,0.005,128,18553766.0
15,0.1,False,True,0.005,128,18542116.0
16,0.1,False,True,0.005,128,17875818.0
17,0.1,False,True,0.005,128,16637112.0
18,0.1,False,True,0.005,128,19760900.0
19,0.1,False,True,0.005,128,18446296.0
0,0.1,False,True,0.005,256,21624192.0
1,0.1,False,True,0.005,256,18819526.0
2,0.1,False,True,0.005,256,19677372.0
3,0.1,False,True,0.005,256,20092080.0
4,0.1,False,True,0.005,256,19441404.0
5,0.1,False,True,0.005,256,19882824.0
6,0.1,False,True,0.005,256,19459520.0
7,0.1,False,True,0.005,256,17741612.0
8,0.1,False,True,0.005,256,19259016.0
9,0.1,False,True,0.005,256,18091234.0
10,0.1,False,True,0.005,256,20381828.0
11,0.1,False,True,0.005,256,18538128.0
12,0.1,False,True,0.005,256,18078608.0
13,0.1,False,True,0.005,256,18402968.0
14,0.1,False,True,0.005,256,18593348.0
15,0.1,False,True,0.005,256,18544864.0
16,0.1,False,True,0.005,256,17905468.0
17,0.1,False,True,0.005,256,16604325.0
18,0.1,False,True,0.005,256,19798252.0
19,0.1,False,True,0.005,256,18424488.0
0,0.1,False,True,0.01,64,21709346.0
1,0.1,False,True,0.01,64,18777964.0
2,0.1,False,True,0.01,64,19604596.0
3,0.1,False,True,0.01,64,20091768.0
4,0.1,False,True,0.01,64,19468152.0
5,0.1,False,True,0.01,64,19868172.0
6,0.1,False,True,0.01,64,19409758.0
7,0.1,False,True,0.01,64,17734716.0
8,0.1,False,True,0.01,64,19237362.0
9,0.1,False,True,0.01,64,18068932.0
10,0.1,False,True,0.01,64,20385132.0
11,0.1,False,True,0.01,64,18528374.0
12,0.1,False,True,0.01,64,18085116.0
13,0.1,False,True,0.01,64,18328928.0
14,0.1,False,True,0.01,64,18591072.0
15,0.1,False,True,0.01,64,18497476.0
16,0.1,False,True,0.01,64,17870140.0
17,0.1,False,True,0.01,64,16636290.0
18,0.1,False,True,0.01,64,19765832.0
19,0.1,False,True,0.01,64,18422844.0
0,0.1,False,True,0.01,128,21713146.0
1,0.1,False,True,0.01,128,18762542.0
2,0.1,False,True,0.01,128,19684130.0
3,0.1,False,True,0.01,128,20083920.0
4,0.1,False,True,0.01,128,19516592.0
5,0.1,False,True,0.01,128,19878566.0
6,0.1,False,True,0.01,128,19457814.0
7,0.1,False,True,0.01,128,17728704.0
8,0.1,False,True,0.01,128,19249268.0
9,0.1,False,True,0.01,128,18101856.0
10,0.1,False,True,0.01,128,20342676.0
11,0.1,False,True,0.01,128,18533454.0
12,0.1,False,True,0.01,128,18109820.0
13,0.1,False,True,0.01,128,18402206.0
14,0.1,False,True,0.01,128,18576764.0
15,0.1,False,True,0.01,128,18518964.0
16,0.1,False,True,0.01,128,17935824.0
17,0.1,False,True,0.01,128,16627208.0
18,0.1,False,True,0.01,128,19803152.0
19,0.1,False,True,0.01,128,18434992.0
0,0.1,False,True,0.01,256,21704158.0
1,0.1,False,True,0.01,256,18788370.0
2,0.1,False,True,0.01,256,19645220.0
3,0.1,False,True,0.01,256,20101816.0
4,0.1,False,True,0.01,256,19438140.0
5,0.1,False,True,0.01,256,19847094.0
6,0.1,False,True,0.01,256,19458132.0
7,0.1,False,True,0.01,256,17768342.0
8,0.1,False,True,0.01,256,19288084.0
9,0.1,False,True,0.01,256,18081252.0
10,0.1,False,True,0.01,256,20364330.0
11,0.1,False,True,0.01,256,18494962.0
12,0.1,False,True,0.01,256,18084538.0
13,0.1,False,True,0.01,256,18377216.0
14,0.1,False,True,0.01,256,18578212.0
15,0.1,False,True,0.01,256,18536428.0
16,0.1,False,True,0.01,256,17852908.0
17,0.1,False,True,0.01,256,16670915.0
18,0.1,False,True,0.01,256,19812120.0
19,0.1,False,True,0.01,256,18440608.0
0,0.1,False,False,5e-05,64,20853188.0
1,0.1,False,False,5e-05,64,18149194.0
2,0.1,False,False,5e-05,64,18850080.0
3,0.1,False,False,5e-05,64,19819012.0
4,0.1,False,False,5e-05,64,19009072.0
5,0.1,False,False,5e-05,64,19257280.0
6,0.1,False,False,5e-05,64,18778224.0
7,0.1,False,False,5e-05,64,17319478.0
8,0.1,False,False,5e-05,64,18825256.0
9,0.1,False,False,5e-05,64,17750100.0
10,0.1,False,False,5e-05,64,19598626.0
11,0.1,False,False,5e-05,64,18098732.0
12,0.1,False,False,5e-05,64,17778768.0
13,0.1,False,False,5e-05,64,17992228.0
14,0.1,False,False,5e-05,64,18264876.0
15,0.1,False,False,5e-05,64,17930680.0
16,0.1,False,False,5e-05,64,17371642.0
17,0.1,False,False,5e-05,64,16348998.0
18,0.1,False,False,5e-05,64,19285790.0
19,0.1,False,False,5e-05,64,17991528.0
0,0.1,False,False,5e-05,128,20728244.0
1,0.1,False,False,5e-05,128,18186762.0
2,0.1,False,False,5e-05,128,18772108.0
3,0.1,False,False,5e-05,128,19830514.0
4,0.1,False,False,5e-05,128,18596940.0
5,0.1,False,False,5e-05,128,19102468.0
6,0.1,False,False,5e-05,128,18647754.0
7,0.1,False,False,5e-05,128,17140728.0
8,0.1,False,False,5e-05,128,18835852.0
9,0.1,False,False,5e-05,128,17775322.0
10,0.1,False,False,5e-05,128,19460724.0
11,0.1,False,False,5e-05,128,17979352.0
12,0.1,False,False,5e-05,128,17614372.0
13,0.1,False,False,5e-05,128,17942380.0
14,0.1,False,False,5e-05,128,18292076.0
15,0.1,False,False,5e-05,128,17923536.0
16,0.1,False,False,5e-05,128,16874224.0
17,0.1,False,False,5e-05,128,16287426.0
18,0.1,False,False,5e-05,128,19261096.0
19,0.1,False,False,5e-05,128,17719232.0
0,0.1,False,False,5e-05,256,20524272.0
1,0.1,False,False,5e-05,256,18037824.0
2,0.1,False,False,5e-05,256,18561372.0
3,0.1,False,False,5e-05,256,19775360.0
4,0.1,False,False,5e-05,256,18668288.0
5,0.1,False,False,5e-05,256,19091254.0
6,0.1,False,False,5e-05,256,18564484.0
7,0.1,False,False,5e-05,256,17123776.0
8,0.1,False,False,5e-05,256,18739086.0
9,0.1,False,False,5e-05,256,17630276.0
10,0.1,False,False,5e-05,256,19448890.0
11,0.1,False,False,5e-05,256,17926870.0
12,0.1,False,False,5e-05,256,17541184.0
13,0.1,False,False,5e-05,256,17859618.0
14,0.1,False,False,5e-05,256,18140736.0
15,0.1,False,False,5e-05,256,17759388.0
16,0.1,False,False,5e-05,256,16802438.0
17,0.1,False,False,5e-05,256,16266354.0
18,0.1,False,False,5e-05,256,19120580.0
19,0.1,False,False,5e-05,256,17587912.0
0,0.1,False,False,0.0001,64,20667896.0
1,0.1,False,False,0.0001,64,18088816.0
2,0.1,False,False,0.0001,64,18740056.0
3,0.1,False,False,0.0001,64,19734514.0
4,0.1,False,False,0.0001,64,18767952.0
5,0.1,False,False,0.0001,64,19263540.0
6,0.1,False,False,0.0001,64,18578462.0
7,0.1,False,False,0.0001,64,17126916.0
8,0.1,False,False,0.0001,64,18731464.0
9,0.1,False,False,0.0001,64,17667824.0
10,0.1,False,False,0.0001,64,19453824.0
11,0.1,False,False,0.0001,64,17938860.0
12,0.1,False,False,0.0001,64,17600060.0
13,0.1,False,False,0.0001,64,17900974.0
14,0.1,False,False,0.0001,64,18278174.0
15,0.1,False,False,0.0001,64,17818778.0
16,0.1,False,False,0.0001,64,17046804.0
17,0.1,False,False,0.0001,64,16253454.0
18,0.1,False,False,0.0001,64,19152472.0
19,0.1,False,False,0.0001,64,17638080.0
0,0.1,False,False,0.0001,128,20572320.0
1,0.1,False,False,0.0001,128,18041324.0
2,0.1,False,False,0.0001,128,18500968.0
3,0.1,False,False,0.0001,128,19755976.0
4,0.1,False,False,0.0001,128,18597188.0
5,0.1,False,False,0.0001,128,19127612.0
6,0.1,False,False,0.0001,128,18554432.0
7,0.1,False,False,0.0001,128,17112296.0
8,0.1,False,False,0.0001,128,18746256.0
9,0.1,False,False,0.0001,128,17621966.0
10,0.1,False,False,0.0001,128,19415844.0
11,0.1,False,False,0.0001,128,17940090.0
12,0.1,False,False,0.0001,128,17566960.0
13,0.1,False,False,0.0001,128,17883264.0
14,0.1,False,False,0.0001,128,18168514.0
15,0.1,False,False,0.0001,128,17823622.0
16,0.1,False,False,0.0001,128,16815590.0
17,0.1,False,False,0.0001,128,16265706.0
18,0.1,False,False,0.0001,128,19104462.0
19,0.1,False,False,0.0001,128,17592452.0
0,0.1,False,False,0.0001,256,20518388.0
1,0.1,False,False,0.0001,256,18042246.0
2,0.1,False,False,0.0001,256,18468482.0
3,0.1,False,False,0.0001,256,19718880.0
4,0.1,False,False,0.0001,256,18568504.0
5,0.1,False,False,0.0001,256,19028340.0
6,0.1,False,False,0.0001,256,18547350.0
7,0.1,False,False,0.0001,256,17109484.0
8,0.1,False,False,0.0001,256,18664300.0
9,0.1,False,False,0.0001,256,17639646.0
10,0.1,False,False,0.0001,256,19397154.0
11,0.1,False,False,0.0001,256,17926930.0
12,0.1,False,False,0.0001,256,17540664.0
13,0.1,False,False,0.0001,256,17842196.0
14,0.1,False,False,0.0001,256,18162886.0
15,0.1,False,False,0.0001,256,17743144.0
16,0.1,False,False,0.0001,256,16865072.0
17,0.1,False,False,0.0001,256,16222258.0
18,0.1,False,False,0.0001,256,19089612.0
19,0.1,False,False,0.0001,256,17534168.0
0,0.1,False,False,0.0005,64,20502764.0
1,0.1,False,False,0.0005,64,18019644.0
2,0.1,False,False,0.0005,64,18484996.0
3,0.1,False,False,0.0005,64,19691336.0
4,0.1,False,False,0.0005,64,18551834.0
5,0.1,False,False,0.0005,64,19041592.0
6,0.1,False,False,0.0005,64,18568774.0
7,0.1,False,False,0.0005,64,17097332.0
8,0.1,False,False,0.0005,64,18686514.0
9,0.1,False,False,0.0005,64,17632862.0
10,0.1,False,False,0.0005,64,19405976.0
11,0.1,False,False,0.0005,64,17912812.0
12,0.1,False,False,0.0005,64,17550260.0
13,0.1,False,False,0.0005,64,17820696.0
14,0.1,False,False,0.0005,64,18135232.0
15,0.1,False,False,0.0005,64,17731444.0
16,0.1,False,False,0.0005,64,16801178.0
17,0.1,False,False,0.0005,64,16226294.0
18,0.1,False,False,0.0005,64,19093796.0
19,0.1,False,False,0.0005,64,17506328.0
0,0.1,False,False,0.0005,128,20521964.0
1,0.1,False,False,0.0005,128,18021532.0
2,0.1,False,False,0.0005,128,18475296.0
3,0.1,False,False,0.0005,128,19685932.0
4,0.1,False,False,0.0005,128,18552700.0
5,0.1,False,False,0.0005,128,19043280.0
6,0.1,False,False,0.0005,128,18550570.0
7,0.1,False,False,0.0005,128,17110090.0
8,0.1,False,False,0.0005,128,18653236.0
9,0.1,False,False,0.0005,128,17629556.0
10,0.1,False,False,0.0005,128,19392838.0
11,0.1,False,False,0.0005,128,17909228.0
12,0.1,False,False,0.0005,128,17537936.0
13,0.1,False,False,0.0005,128,17841690.0
14,0.1,False,False,0.0005,128,18131374.0
15,0.1,False,False,0.0005,128,17774432.0
16,0.1,False,False,0.0005,128,16786058.0
17,0.1,False,False,0.0005,128,16219122.0
18,0.1,False,False,0.0005,128,19086068.0
19,0.1,False,False,0.0005,128,17496136.0
0,0.1,False,False,0.0005,256,20526276.0
1,0.1,False,False,0.0005,256,18023800.0
2,0.1,False,False,0.0005,256,18468244.0
3,0.1,False,False,0.0005,256,19697720.0
4,0.1,False,False,0.0005,256,18548486.0
5,0.1,False,False,0.0005,256,19025492.0
6,0.1,False,False,0.0005,256,18529576.0
7,0.1,False,False,0.0005,256,17109360.0
8,0.1,False,False,0.0005,256,18651196.0
9,0.1,False,False,0.0005,256,17614322.0
10,0.1,False,False,0.0005,256,19385904.0
11,0.1,False,False,0.0005,256,17886856.0
12,0.1,False,False,0.0005,256,17543872.0
13,0.1,False,False,0.0005,256,17807220.0
14,0.1,False,False,0.0005,256,18126182.0
15,0.1,False,False,0.0005,256,17732564.0
16,0.1,False,False,0.0005,256,16776494.0
17,0.1,False,False,0.0005,256,16209942.0
18,0.1,False,False,0.0005,256,19093338.0
19,0.1,False,False,0.0005,256,17512992.0
0,0.1,False,False,0.001,64,20491636.0
1,0.1,False,False,0.001,64,18011618.0
2,0.1,False,False,0.001,64,18471644.0
3,0.1,False,False,0.001,64,19687906.0
4,0.1,False,False,0.001,64,18537438.0
5,0.1,False,False,0.001,64,19033876.0
6,0.1,False,False,0.001,64,18577940.0
7,0.1,False,False,0.001,64,17113814.0
8,0.1,False,False,0.001,64,18660212.0
9,0.1,False,False,0.001,64,17635062.0
10,0.1,False,False,0.001,64,19385860.0
11,0.1,False,False,0.001,64,17867128.0
12,0.1,False,False,0.001,64,17535950.0
13,0.1,False,False,0.001,64,17835184.0
14,0.1,False,False,0.001,64,18140274.0
15,0.1,False,False,0.001,64,17729804.0
16,0.1,False,False,0.001,64,16765520.0
17,0.1,False,False,0.001,64,16208222.0
18,0.1,False,False,0.001,64,19129344.0
19,0.1,False,False,0.001,64,17569818.0
0,0.1,False,False,0.001,128,20491368.0
1,0.1,False,False,0.001,128,18044664.0
2,0.1,False,False,0.001,128,18487450.0
3,0.1,False,False,0.001,128,19690006.0
4,0.1,False,False,0.001,128,18557580.0
5,0.1,False,False,0.001,128,19062056.0
6,0.1,False,False,0.001,128,18543136.0
7,0.1,False,False,0.001,128,17109348.0
8,0.1,False,False,0.001,128,18647516.0
9,0.1,False,False,0.001,128,17630372.0
10,0.1,False,False,0.001,128,19368016.0
11,0.1,False,False,0.001,128,17901488.0
12,0.1,False,False,0.001,128,17546810.0
13,0.1,False,False,0.001,128,17818840.0
14,0.1,False,False,0.001,128,18129110.0
15,0.1,False,False,0.001,128,17725348.0
16,0.1,False,False,0.001,128,16766195.0
17,0.1,False,False,0.001,128,16211110.0
18,0.1,False,False,0.001,128,19098050.0
19,0.1,False,False,0.001,128,17517600.0
0,0.1,False,False,0.001,256,20490656.0
1,0.1,False,False,0.001,256,18008948.0
2,0.1,False,False,0.001,256,18497208.0
3,0.1,False,False,0.001,256,19683220.0
4,0.1,False,False,0.001,256,18540694.0
5,0.1,False,False,0.001,256,19016860.0
6,0.1,False,False,0.001,256,18532252.0
7,0.1,False,False,0.001,256,17109350.0
8,0.1,False,False,0.001,256,18655348.0
9,0.1,False,False,0.001,256,17621544.0
10,0.1,False,False,0.001,256,19387078.0
11,0.1,False,False,0.001,256,17880956.0
12,0.1,False,False,0.001,256,17537696.0
13,0.1,False,False,0.001,256,17842340.0
14,0.1,False,False,0.001,256,18124146.0
15,0.1,False,False,0.001,256,17717062.0
16,0.1,False,False,0.001,256,16769780.0
17,0.1,False,False,0.001,256,16205401.0
18,0.1,False,False,0.001,256,19121192.0
19,0.1,False,False,0.001,256,17494098.0
0,0.1,False,False,0.005,64,20534920.0
1,0.1,False,False,0.005,64,18005988.0
2,0.1,False,False,0.005,64,18462494.0
3,0.1,False,False,0.005,64,19685866.0
4,0.1,False,False,0.005,64,18567180.0
5,0.1,False,False,0.005,64,19025722.0
6,0.1,False,False,0.005,64,18543992.0
7,0.1,False,False,0.005,64,17100108.0
8,0.1,False,False,0.005,64,18648652.0
9,0.1,False,False,0.005,64,17609396.0
10,0.1,False,False,0.005,64,19364368.0
11,0.1,False,False,0.005,64,17883448.0
12,0.1,False,False,0.005,64,17539484.0
13,0.1,False,False,0.005,64,17838564.0
14,0.1,False,False,0.005,64,18128094.0
15,0.1,False,False,0.005,64,17717716.0
16,0.1,False,False,0.005,64,16794356.0
17,0.1,False,False,0.005,64,16207938.0
18,0.1,False,False,0.005,64,19089760.0
19,0.1,False,False,0.005,64,17496524.0
0,0.1,False,False,0.005,128,20491652.0
1,0.1,False,False,0.005,128,18011120.0
2,0.1,False,False,0.005,128,18437590.0
3,0.1,False,False,0.005,128,19688474.0
4,0.1,False,False,0.005,128,18536312.0
5,0.1,False,False,0.005,128,19027564.0
6,0.1,False,False,0.005,128,18545490.0
7,0.1,False,False,0.005,128,17102926.0
8,0.1,False,False,0.005,128,18667516.0
9,0.1,False,False,0.005,128,17618928.0
10,0.1,False,False,0.005,128,19403824.0
11,0.1,False,False,0.005,128,17935322.0
12,0.1,False,False,0.005,128,17572252.0
13,0.1,False,False,0.005,128,17819136.0
14,0.1,False,False,0.005,128,18123728.0
15,0.1,False,False,0.005,128,17732130.0
16,0.1,False,False,0.005,128,16844200.0
17,0.1,False,False,0.005,128,16245255.0
18,0.1,False,False,0.005,128,19113220.0
19,0.1,False,False,0.005,128,17514236.0
0,0.1,False,False,0.005,256,20507118.0
1,0.1,False,False,0.005,256,18043338.0
2,0.1,False,False,0.005,256,18538210.0
3,0.1,False,False,0.005,256,19762048.0
4,0.1,False,False,0.005,256,18540014.0
5,0.1,False,False,0.005,256,19035812.0
6,0.1,False,False,0.005,256,18537054.0
7,0.1,False,False,0.005,256,17108076.0
8,0.1,False,False,0.005,256,18647402.0
9,0.1,False,False,0.005,256,17623880.0
10,0.1,False,False,0.005,256,19380426.0
11,0.1,False,False,0.005,256,17912460.0
12,0.1,False,False,0.005,256,17537436.0
13,0.1,False,False,0.005,256,17850702.0
14,0.1,False,False,0.005,256,18127022.0
15,0.1,False,False,0.005,256,17721130.0
16,0.1,False,False,0.005,256,16784780.0
17,0.1,False,False,0.005,256,16228420.0
18,0.1,False,False,0.005,256,19093092.0
19,0.1,False,False,0.005,256,17564188.0
0,0.1,False,False,0.01,64,20497554.0
1,0.1,False,False,0.01,64,18010040.0
2,0.1,False,False,0.01,64,18462996.0
3,0.1,False,False,0.01,64,19692920.0
4,0.1,False,False,0.01,64,18554358.0
5,0.1,False,False,0.01,64,19045928.0
6,0.1,False,False,0.01,64,18553624.0
7,0.1,False,False,0.01,64,17119980.0
8,0.1,False,False,0.01,64,18661784.0
9,0.1,False,False,0.01,64,17614504.0
10,0.1,False,False,0.01,64,19356404.0
11,0.1,False,False,0.01,64,17891376.0
12,0.1,False,False,0.01,64,17539712.0
13,0.1,False,False,0.01,64,17813124.0
14,0.1,False,False,0.01,64,18140796.0
15,0.1,False,False,0.01,64,17725336.0
16,0.1,False,False,0.01,64,16794656.0
17,0.1,False,False,0.01,64,16220417.0
18,0.1,False,False,0.01,64,19093982.0
19,0.1,False,False,0.01,64,17516868.0
0,0.1,False,False,0.01,128,20553178.0
1,0.1,False,False,0.01,128,18043296.0
2,0.1,False,False,0.01,128,18494364.0
3,0.1,False,False,0.01,128,19693940.0
4,0.1,False,False,0.01,128,18565002.0
5,0.1,False,False,0.01,128,19045838.0
6,0.1,False,False,0.01,128,18539592.0
7,0.1,False,False,0.01,128,17142050.0
8,0.1,False,False,0.01,128,18657992.0
9,0.1,False,False,0.01,128,17615500.0
10,0.1,False,False,0.01,128,19368212.0
11,0.1,False,False,0.01,128,17921156.0
12,0.1,False,False,0.01,128,17561116.0
13,0.1,False,False,0.01,128,17856324.0
14,0.1,False,False,0.01,128,18121156.0
15,0.1,False,False,0.01,128,17728956.0
16,0.1,False,False,0.01,128,16789664.0
17,0.1,False,False,0.01,128,16243410.0
18,0.1,False,False,0.01,128,19117076.0
19,0.1,False,False,0.01,128,17512656.0
0,0.1,False,False,0.01,256,20536844.0
1,0.1,False,False,0.01,256,18004962.0
2,0.1,False,False,0.01,256,18558234.0
3,0.1,False,False,0.01,256,19716214.0
4,0.1,False,False,0.01,256,18553370.0
5,0.1,False,False,0.01,256,19076616.0
6,0.1,False,False,0.01,256,18628972.0
7,0.1,False,False,0.01,256,17147388.0
8,0.1,False,False,0.01,256,18686892.0
9,0.1,False,False,0.01,256,17633268.0
10,0.1,False,False,0.01,256,19393496.0
11,0.1,False,False,0.01,256,17913270.0
12,0.1,False,False,0.01,256,17586400.0
13,0.1,False,False,0.01,256,17857484.0
14,0.1,False,False,0.01,256,18145254.0
15,0.1,False,False,0.01,256,17795736.0
16,0.1,False,False,0.01,256,16777548.0
17,0.1,False,False,0.01,256,16243300.0
18,0.1,False,False,0.01,256,19121662.0
19,0.1,False,False,0.01,256,17503328.0
0,0.5,True,True,5e-05,64,21481410.0
1,0.5,True,True,5e-05,64,18631706.0
2,0.5,True,True,5e-05,64,19422728.0
3,0.5,True,True,5e-05,64,20023608.0
4,0.5,True,True,5e-05,64,19346924.0
5,0.5,True,True,5e-05,64,19737524.0
6,0.5,True,True,5e-05,64,19181904.0
7,0.5,True,True,5e-05,64,17681988.0
8,0.5,True,True,5e-05,64,19156224.0
9,0.5,True,True,5e-05,64,18011466.0
