길이	폭	높이	중량
20	13.7	4.1	52
21.4	9.7	6.9	35
19.5	15.7	3.2	92
5.2	12.8	2.8	21
5.2	12.8	2.8	19
15.7	20.5	8.1	49
15.7	20.5	8.1	49
20.5	18.1	5.4	59
15	19.8	2.8	58
15.8	16.7	2.8	33
20.3	18.4	2.2	83
18.8	24.4	2.2	76
21.3	15.8	3.2	115
21.9	9.4	7	36
15.9	19.9	2.7	47
15.8	15.7	2.8	32
14.9	14.6	3.2	74
20	13.7	4.1	49
19.5	15.7	3.2	102
17.2	3.3	2.1	0
17.2	3.3	2.1	0
20.3	18.4	2.2	75
25.2	14.9	3.1	69
20.8	20.9	8.3	58
20.8	20.9	8.3	58
15.4	19.7	2.8	104
19.6	12.5	4.3	43
15.5	19.9	1.9	48
19.6	9.9	1.9	43
15.5	19.9	1.9	47
17.3	10	1.9	37
14.9	9.9	3.4	27
17.4	16.4	2.8	84
17.4	15.5	2.8	76
17	12.1	2.6	58
17.3	28.9	5.4	39
11.4	4.3	2	6
9.2	4.3	2	5
19.7	13.8	4.9	51
19.6	10	1.9	44
17.3	9.9	1.9	36
14.9	9.9	3.4	27
17	3.3	2.1	0
17	3.3	2.1	0
19.7	15.9	2.4	71
19.7	15.9	2.4	64
21.6	16	3.2	66
15	10	1.9	33
15	9.9	1.9	31
20	13	4.2	31
20	13	4.2	31
15.7	15.7	2.8	32
15	10	1.9	34
15	9.9	1.9	34
15.5	5	2.2	16
17.2	24.6	2.3	72
17.2	24.6	2.3	71
19.2	11.5	3.3	41
17.6	16.7	2.6	74
17.6	16.7	2.6	74
15	16.2	3.1	84
21.9	13.3	4.7	53
5.1	11.2	2.6	11
5.1	11.2	3.5	13
20	10	1.9	52
20	9.9	1.9	52
9.2	15	2.3	31
9.2	15	2.3	31
17.6	16.7	2.6	74
17.6	16.7	2.6	74
20	19.9	1.9	47
15	16.2	3.1	77
20.8	15.3	2.6	93
20.8	15.3	2.6	93
19.6	12.4	4.3	37
15.7	15.7	2.6	78
20.8	5.7	2.8	32
20.8	5.7	2.8	32
19.6	13.5	5.3	32
19.6	13.5	4.3	33
20	16.2	3.1	118
15.7	15.7	2.6	81
15.7	15.7	2.6	81
15.7	15.7	2.6	78
20.5	16	3.2	111
20.5	16	3.2	102
16.7	3.5	2.3	0
16.7	3.5	2.3	0
20	16.2	3.1	108
20	16	3.2	100
15	15	2.8	72
15	15.2	2.8	88
15.5	10	1.9	31
15.5	10	1.9	36
15.5	9.9	1.9	36
20	16	3.2	109
17.6	14.1	2.6	63
16.7	8.9	2.5	38
20.1	19.9	1.9	55
17.5	16.5	2.9	82
17.5	15.7	2.9	74
15.5	9.9	1.9	30
17.4	15.5	2.9	46
17.6	14.1	2.6	63
16.7	8.9	2.5	38
21.6	16	3.2	143
21.6	16	3.2	131
15.5	10	1.9	36
15.5	9.9	1.9	36
21.5	18.1	5.4	63
21.5	18.1	5.4	64
20.4	18.1	5.4	60
20.4	18.1	5.4	61
17.4	16.4	2.9	48
15	19.8	2.7	98
17.2	24.6	2.3	67
17.2	24.6	2.3	61
17	3.5	1.8	0
17	3.5	1.8	0
15.7	16.2	3.1	101
15.7	16.2	3.1	111
14.2	9.7	3.2	52
14.2	9.7	3.2	44
20.4	18.1	5.4	62
20.4	18.1	5.4	61
13.4	16.4	2.9	44
13.4	15.5	2.9	42
18.5	14.9	3.1	85
18.5	15.5	3.1	94
15.9	10	1.9	32
19.8	13.8	4.1	48
17.4	5	2.2	16
15	19.8	2.7	98
17.2	18.4	2.3	53
17.2	18.3	2.3	53
20.8	18.1	5.4	60
20.8	18.1	5.4	60
19.3	13.3	3.3	42
19.3	13.3	3.3	42
15.9	9.9	1.9	33
19.8	13.8	4.1	48
15.7	16.7	2.7	66
15.7	15.7	2.7	51
20.4	15.7	3.2	71
20.4	15.7	3.2	69
15.7	16.2	3.1	90
16.1	16.2	3.1	98
7.2	14.9	3	33
7.2	15.5	3	38
14.2	9.7	3.2	52
14.2	9.7	3.2	44
20	13.8	4.1	49
20.8	18.1	5.4	60
20.8	18.1	5.4	60
20.8	15.7	3.2	61
20.8	16	3.2	120
20.8	16	3.2	109
15.7	15.7	2.7	51
11.2	7	2.5	17
11.2	7	2.5	17
19.2	9.6	2.5	41
19.2	9.6	2.5	41
21.5	15.7	3.2	68
21.5	18.1	5.4	64
20.6	18.1	5.4	59
19.5	18.1	5.4	57
19.5	18.1	5.4	57
17.1	27.1	2.5	112
20.1	16.3	3.1	120
20.1	16.3	3.1	127
13.5	15.6	2.9	74
15	15	2.7	86
20.8	15.7	3.2	60
13.4	16.4	2.9	44
14.9	12	3.2	31
21.3	20.9	8.3	62
15.4	15.8	2.8	32
17.6	19.2	5.2	76
20.1	13.5	4.4	34
15.4	16.8	4.5	36
19.6	10	1.9	44
19.6	9.9	1.9	43
15.8	15	2.7	75
13.4	14.3	2.9	33
17	10.8	2.3	41
17	10.8	2.3	34
19.7	10	1.9	46
17.6	19.2	5.2	76
15.4	10.1	1.9	34
15.4	10	1.9	34
14.9	10.2	1.9	34
14.9	10	1.9	33
20	10	1.9	46
20.4	15.4	2.6	83
15	14.8	2.7	71
15	15	2.7	86
21.5	15.7	3.2	68
21.5	15.7	3.2	66
21.6	15.3	2.6	101
21.6	15.3	2.6	101
20	9.9	1.9	52
17.6	3.5	1.8	0
17.6	3.5	1.8	0
19.2	3.3	2.1	0
19.2	3.3	2.1	0
9.2	4.3	2	4
13	4.3	2	7
12.6	4.3	2	8
15.8	4.3	2	10
20	16.2	3.1	65
20	16.2	3.1	66
19.7	13.8	4.9	48
16	6.8	2.1	16
12.3	4.6	1	6
15.9	14.9	2.8	73
17.5	16.5	2.9	44
17.5	15.7	2.9	42
20	10	1.9	46
20	9.9	1.9	45
20.8	5.4	2.7	24
20.8	5.4	2.7	24
20	10	1.9	46
20	9.9	1.9	45
20	13	4.2	31
20	13	4.2	31
7.9	5.1	2.4	4
7.9	5.1	2.4	4
15.5	5	2.2	16
20.6	15.7	3.2	121
19.5	5.4	2.7	21
19.5	5.4	2.7	21
15.7	16.7	2.8	33
20	16	3.2	70
21.6	16	3.2	66
17.3	28.9	5.4	39
18.3	6.8	1	15
18.3	6.6	1	14
20.7	5.3	2.8	32
20.7	5.3	2.8	32
17.5	19.9	1.9	43
18.5	15.7	2.3	46
15	10	1.9	34
15	9.9	1.9	34
20.5	16	3.2	71
20.5	16	3.2	70
22	6.4	1	15
21.6	11.1	6.5	37
19.6	20	3.5	53
13.1	7.5	2.5	7
19.7	10.3	3.4	45
19.2	11.5	3.3	41
15.9	14.7	2.8	60
14.8	11.5	8.2	10
15.7	16.2	3.1	50
19.6	19.9	2.7	52
8.3	20.4	3.3	25
14.5	20.1	8	33
20.8	5.4	2.7	24
20.8	5.4	2.7	24
16.3	14.7	3.2	61
15	10	1.9	33
19.6	12.5	4.1	43
15	9.9	1.9	31
15	15.1	2.8	77
5.4	18.9	2.3	18
5.4	18.9	2.3	18
15.8	4.3	2	8
20	16	3.2	69
17.3	10	1.9	37
16.5	17.4	5.9	28
17.2	22.5	2.5	106
17.2	22.5	2.5	106
21.9	13.3	4.7	52
9.1	7.5	2.5	6
13.5	15.6	2.9	41
14.5	14	3.1	20
14.8	11.5	8.2	10
14.5	14	3.1	19
20	23.7	3.4	60
20.2	4.9	2	16
19.2	4.9	2	13
13.5	16.5	2.9	43
20.5	8.9	3.3	26
20.5	8.9	3.3	26
7.9	5.1	2.4	4
7.9	5.1	2.4	4
20.1	15.7	2.6	101
20.1	15.7	2.6	101
10	12.5	2.2	16
20	19.9	1.9	57
20	15.8	2.2	66
17.1	13.5	4.4	38
16.1	16.2	3.1	53
19.6	13	4.1	37
6.6	15.3	4.3	18
18.3	6.6	1	14
17.3	13.8	4.1	37
6.6	13.8	4.7	23
5.4	18.9	2.3	18
5.4	18.9	2.3	18
20.2	4.9	2	15
19.2	4.9	2	19
20.1	15.3	2.6	84
14.2	17.8	5.2	29
17.3	13.8	4.1	37
17.3	13.8	4.1	37
19.7	19.9	2.5	52
17.1	13.5	4.4	39
15.5	10	1.9	30
19.8	13.8	4.1	48
19.8	13.8	4.1	48
2.1	13.5	2.4	7
7.1	3.7	2.7	7
20	15.7	2.6	98
17.3	13	4.2	30
17.3	13	4.2	30
15.5	9.9	1.9	31
17.5	18.4	2.6	54
17.5	18.3	2.6	53
17.7	16.8	5.2	26
14.1	11.3	2.2	24
15.5	10	1.9	30
15.5	9.9	1.9	31
17.3	13.8	4.1	37
20.1	13.5	4.4	35
20.1	13.5	4.4	35
17.6	3.5	1.8	0
17.6	3.5	1.8	0
17.6	16.4	2.3	62
15.4	19.9	2.5	44
15.5	19.9	2.7	45
15	19.9	1.9	44
16.5	17.4	5.9	27
17.7	11.8	5.6	0
20	19.9	1.9	55
19.8	13	4.2	32
20	19.9	1.9	57
13.3	17.2	4.6	26
15.5	19.9	2.7	43
14.9	19.9	1.9	42
15	19.9	1.9	43
19.8	13	4.2	32
5.2	20	3	19
5.2	20.6	3	22
18	9.9	2.6	36
18	9.9	2.6	36
20.4	15.7	3.2	69
15.5	19.9	1.9	48
19.3	24.4	3.3	101
19.3	24.4	3.3	101
17.4	16.6	2.9	47
17.4	15.5	2.9	45
15.9	13.5	4.4	25
19.7	13.6	5.3	34
15.9	19.9	2.7	47
20.7	14.8	5.7	79
10.5	16.8	7.7	34
1.8	19	0.7	9
1.8	20	0.7	10
17.3	16.7	1.9	55
15.1	12.8	7.8	24
15.1	13.3	7.8	29
15.3	13.6	5.2	22
3.4	12.2	5.8	46
18.5	6.8	6.2	19
18	20.9	8	51
2.5	18.8	3.7	14
6.4	13.5	4.7	22
18	20.9	8	53
18.1	26.5	8.2	0
18.3	18.8	8	35
18.3	18.8	8	35
18	40.9	6	0
7.5	12.3	3.1	32
20.4	15.7	3.2	71
17.4	16.4	2.9	48
17	12.3	4.7	28
13.4	16.4	2.9	44
1.8	22	0.7	11
1.8	23	0.7	11
12.4	21.7	6.6	84
19.7	12.2	9.1	22
19.7	12.2	9.1	23
18.1	13.7	5.6	66
20.1	13.5	4.4	33
21.5	11.2	6.4	35
20.7	15.6	5.7	58
17.4	16.4	2.9	48
6.6	8.1	5.8	23
11.7	19.3	5.2	34
12.7	21.9	6.9	0
14.6	14.6	7.2	34
7.8	4.6	2.4	5
20	13	4.2	31
21	16.1	5.7	69
21.1	14	5.6	75
20.4	11.2	6.4	33
17.6	13.5	6.7	33
5.4	5.7	2.7	7
5.4	5.7	2.7	7
16.8	16.8	4.3	31
30.2	17.8	5.5	0
15	13.4	5	25
15	13.4	5	25
20.8	13.7	5.3	51
23.1	18.8	5.2	97
20.4	11.2	6.4	33
18	20.9	8	51
13.2	8.7	7.8	5
13.2	8.7	7.8	0
17.1	17.5	6.4	56
12	15.5	4.7	3
30.2	20.5	5.5	0
13.4	14.9	7.1	38
15	19.8	2.8	58
5.9	18.8	4.9	18
12.4	23.1	6.6	88
13.4	13.5	2.9	30
17.4	16.2	2.9	45
13.9	23.6	5.2	54
20.7	15.6	5.7	58
11.6	10.2	2.4	20
15.3	7.9	5.2	5
17.9	10.8	3.8	38
21.1	18.8	5.2	84
17	12.3	4.7	28
9.8	4.9	1.8	6
10.4	20.2	5.2	64
18.2	21.4	2.2	48
24.8	13.4	5.7	0
17.6	16.4	2.3	62
12.4	22.7	5.2	46
24.8	13.4	5.7	0
5.3	4.9	2.9	3
5.3	4.9	2.9	3
21.7	13.7	5.6	73
20.8	19.2	5.2	102
23.1	18.8	5.2	99
2.5	18.8	3.7	14
16	8.8	8.9	23
11.7	5.2	4.3	11
12.7	21.1	6.9	0
20.8	13.7	5.3	49
21.3	15.8	3.2	65
11.7	6.3	6.6	11
4.7	14.4	5.1	18
21.3	15.8	3.2	67
5.2	14.1	2.8	12
9.8	4.9	1.8	6
17.3	28.9	5.4	38
19.7	10.1	5.9	48
4.7	14.4	5.1	18
5.9	18.8	4.9	18
11.7	5.2	4.3	11
18.4	10.5	4.6	28
20.8	13.7	5.3	51
12	12	4	6
14.2	39.1	5.1	0
15	27.4	5.9	0
14.1	11.3	2.2	24
10	16	12	
12.7	26	6.6	0
22.9	42	11.1	0
39	47.8	6.2	0
8.5	13	2.1	18
32	13.5	6.3	0
10	10	12	
10	10	12	
10	10	12	
17	36.5	8	0
10	10	12	
10	10	12	
10	10	12	
10	10	12	
10	10	12	
10	10	12	
10	10	12	
10	10	12	
10	10	12	
10	10	12	
10	10	12	
10	10	12	
41	51	33.6	0
17.6	51	33.6	0
54.2	51	37.2	0
15.7	38.3	4.8	0
15.7	21.7	8.4	106
9.7	38.1	10.7	0
16.2	8	5.8	21
16.2	8	5.8	21
31.4	44.3	3.4	0
12.2	8.2	2.8	64
10	10	4	
10	10	4	
17	41	7.5	0
1.8	19	0.7	9
1.8	20	0.7	10
1.8	22	0.7	11
1.8	23	0.7	11
15.7	39.8	6.4	0
48.3	51	33.6	0
17.3	16.7	1.9	55
10.4	20.2	5.2	64
12.4	21.7	6.6	84
12.4	23.1	6.6	88
18.1	13.7	5.6	66
20	9	5	23
12.2	51	34.2	0
2.8	2	2	2
2.8	3.4	2.4	3
17.3	28.9	5.4	38
19.7	10.1	5.9	48
17.4	10.6	7.9	19
17.4	10.6	7.9	19
31.4	44.7	3.1	0
31.4	44.7	3.1	0
31.4	44.7	2.8	0
10	10	4	
1.4	19.3	1.8	9
1.4	18.5	1.8	8
24	15.3	10.1	0
8.4	3.6	3.6	4
12.8	7	5.2	8
7.9	9	18.2	0
16.4	21	8	41
16.4	21	8	41
15.3	14.1	5.2	24
7.1	18.5	2.7	22
7.1	17.8	2.7	21
9.7	18.6	2.7	13
15.1	10.9	2.6	20
15.1	10.9	2.6	20
13.4	26	9.2	0
13.4	26	9.2	0
9.7	37	6.6	0
16.8	11	4.6	26
16.8	12.3	4.6	27
12.2	51	34.2	0
4.9	11.1	3.2	17
4.9	11.1	3.2	17
16.2	38.5	7.3	0
2.1	13.5	2.4	7
12.2	8.2	2.8	64
10	10	4	
15	16.6	4.8	32
16	16	9.3	42
17.9	10.8	3.8	38
14	9.8	3.1	39
20	23.8	5	0
20	23.8	5	0
17.1	25	5	0
17.1	25	5	0
19.7	25.3	7.6	0
16.2	17.3	5	0
1.8	20.4	0.7	11
1.8	19.4	0.7	11
1.8	20.4	0.7	10
1.8	19.4	0.7	11
16	22	4.3	56
16	20.2	6.6	72
16	19.2	6.6	65
16	41.2	7.6	0
30.2	20.5	10.8	0
30.2	17.8	10.8	0
13.4	19.1	2.9	53
13.1	19.2	5.2	44
30.8	18.5	7	0
30.8	18.5	7	0
9.8	5.2	1	10
12.9	15.2	6	38
12.9	15.8	6	42
12.5	15.8	5.2	47
19.7	6.5	2	13
2.8	2.6	2.6	2
8.4	3.6	3.6	4
12.8	7	5.2	8
15.1	12.8	7.8	24
15.1	13.3	7.8	29
15.3	7.9	5.2	5
15.3	10.4	2.6	10
15.3	13.6	5.2	22
15.3	14.1	5.2	24
9.7	18.6	2.7	13
12.2	13.4	4.5	15
12.2	13.4	4.2	15
15.1	10.9	2.6	20
15.1	10.9	2.6	20
13.4	26	9.2	0
13.4	26	9.2	0
9.7	37	6.6	0
15.1	8.4	5.5	0
15.1	8.4	5.5	0
18.3	13.2	8.1	0
18.3	13.2	8.1	0
12.2	51	34.2	0
7.6	11.2	4.4	17
7.6	11.2	4.4	17
11.2	18.8	3.4	46
11.2	18.8	3.4	46
11.2	18.8	4.7	54
11.2	18.8	4.7	58
11.2	19.3	4.3	54
11.2	19.3	4.3	60
9.1	15	3.3	63
9.1	14.9	3.3	69
5.8	7.8	5.8	4
5.8	7.8	5.8	4
11.8	15.2	3.2	32
11.8	15.4	3.2	34
4.9	11.1	3.2	17
4.9	11.1	3.2	17
20	23.7	3.4	60
19.7	12.2	9.1	22
19.7	12.2	9.1	23
17.6	5.2	2.6	17
17.6	5.2	2.6	17
7.9	9.1	3	16
12.2	8.2	2.8	64
10	10	12	
10	10	12	
6.8	3.6	2.8	6
6.8	3.6	2.8	6
5.6	2.7	2.6	4
5.6	2.7	2.6	4
12.5	3.4	2.6	5
12.5	3.4	2.6	5
9	4	2.6	5
9	4	2.6	5
20	15.7	2.2	58
9.7	4.8	2.3	7
8.5	4.8	2.3	7
7.5	4.8	2.3	7
7.5	4.8	2.3	8
8.8	4.8	2.3	7
8.4	4.8	2.3	7
8.4	4.8	2.3	7
7.6	4.8	2.3	8
11.4	4.3	2	5
13	4.3	2	7
12.6	4.3	2	7
20.2	4.9	4.8	14
19.2	4.9	4.8	18
20.2	4.9	2	10
19.2	4.9	2	11
15.9	11.2	7.6	19
15.9	11.2	7.6	18
14.4	19.4	3.2	25
14.5	12.6	6	33
14.5	12.6	6	32
17.1	9.6	5.4	40
14.3	11	6.2	32
4.4	6.2	5.2	3
14.2	13.7	5.6	40
14.2	13.7	5.6	42
15.9	15.1	5.9	37
15.9	12.9	5.9	31
12.4	11.1	5.7	32
12.4	11.1	5.7	32
11.3	5.2	1	10
13.4	5.2	2.6	15
14.4	16.1	5.2	39
14.4	16.1	5.2	36
5.2	12.8	2.8	21
5.2	12.8	2.8	19
5.2	18.8	2	17
5.2	18.8	2	19
5.9	15.2	2.5	16
5.9	15.8	2.5	17
20.3	9.3	5	36
20.3	9.3	5	36
10	15	12	
10	10	12	
8	8	12	
16.1	8.8	5.2	42
5.6	9.1	2.8	14
5.6	7.7	2.8	11
5.6	18	3.5	20
5.6	16.5	3.5	18
19.2	6.7	3.3	36
19.2	6.7	3.3	36
19.7	5.7	2.3	35
19.7	5.7	2.3	35
9.2	4.3	2	4
12.6	4.3	2	7
15.8	4.3	2	8
15.9	11.2	7.6	19
15.9	11.2	7.6	18
14.5	12.6	6	33
14.5	12.6	6	32
14.3	11	6.2	32
14.3	11.2	6.5	36
15.9	12.9	5.9	31
5.2	10.2	2	8
14.4	8.2	5.7	24
14.4	8.2	5.7	25
6.4	15.6	1.8	19
5.2	13.3	2	16
5.2	13.3	2	15
15.3	10.4	2.6	18
10.4	15.3	2.7	18
12	12	4	3
10	15	12	
10	15	12	
10	10	12	
10	15	12	
10	10	12	
16	41.2	7.6	0
16.1	25	8.4	0
20.5	1.8	1.8	56
20.5	1.8	1.8	56
7.4	3.2	2.6	9
8	4.3	2.6	9
7.9	2.9	2.6	6
8	4.2	2.9	7
7.4	2.6	2.8	5
8	3.8	2.8	7
18.3	5.5	2.2	33
18.2	5.4	2.2	33
19.7	5.7	2.3	35
19.7	5.7	2.3	35
16.6	9.8	4.2	34
16.6	9.8	4.2	35
9.3	4.3	2.5	7
9.3	4.3	2.5	7
15.6	9.9	3.5	34
15.6	9.9	3.5	33
10.8	2.6	1.2	9
17.4	10	3.2	40
15.9	10.5	5.3	39
15.9	9.5	5.3	39
5.9	7	1.3	10
5.9	7	1.3	11
10.9	5.2	1.3	10
10.9	5.2	2.6	10
3.9	2.7	2.6	3
5.2	13.3	2	16
5.2	13.3	2	15
4.1	7	2.6	6
18.3	4.5	2.6	15
18.3	4.5	2.6	15
10	15	4	
10	15	12	
10	15	12	
10	15	12	
10	15	12	
10	15	12	
10	15	12	
10	15	12	
10	15	12	
10	10	12	
10	10	12	
10	10	4	
30.6	32.2	2.7	0
15.7	32.1	12.7	0
39.5	21.3	15.2	0
10.6	30.8	10.9	0
10	10	12	
28.8	20.7	12.6	0
28.8	22.6	7.8	0
10	10	12	
10	10	4	
51.8	13.4	10.2	0
51.4	17	8.2	0
7.9	5.3	11.5	25
20.2	22.9	9.6	
29	15	4.7	0
29	15	4.7	0
28.7	16.8	4.7	
2.6	2.2	0.5	1
10	10	4	
10	10	12	
10	10	12	
10	10	12	
10	10	12	
10	10	4	
12.2	10.2	11.5	30
16.8	40.8	7.2	0
16.7	43	12.3	0
11.7	6.3	6.6	11
4.7	14.4	5.1	18
4.5	14.7	2.8	23
44.3	43	30.6	0
29	38.5	12.7	0
14.5	18.2	4.8	2
13.2	21.9	11	0
13.2	21.1	11	0
84.9	43	26.4	0
16.7	41.9	7.9	0
13.4	12	7.1	31
14.6	13.6	7.2	30
15.2	14.1	6.5	33
15.2	14.1	6.5	33
15	14	3.4	33
15	14	3.4	33
10.3	12.5	7.2	23
10.3	17.6	7.2	26
27.8	14	6.9	0
27.8	14	6.9	0
12.8	14.5	5.4	49
15	14.5	2	57
10.2	17.1	5.5	35
17.6	11.1	6.3	0
17.6	15.5	5.2	19
8.7	3.2	3	10
17.6	21.8	5.2	0
12.8	10.8	5.2	11
12.8	10.8	5.2	13
6.1	7	5.3	0
12.4	19.3	4.9	32
9.8	20.7	5.1	0
10.9	14.7	4.4	25
10.9	13.7	4.4	22
14.6	9.8	4.5	17
14.6	9.8	4.5	17
10.5	43	33.2	0
10.2	7.5	4.1	25
2.2	2.7	1.2	1
9.2	21.8	5.2	0
9.2	21.8	5.2	0
17.6	12.2	6.7	19
17.6	12.2	6.7	19
17.6	11.1	8.4	17
17.6	11.1	8.4	17
16.5	17.4	5.9	28
6.5	35	2.7	0
7.9	11.7	2.2	25
7.5	10.2	2.6	44
10	10	12	
10	10	12	
16.8	16.2	4.6	46
16.8	16.2	4.6	46
22.2	15	4.7	0
22.2	15	4.7	0
12.9	13.3	2.5	26
12.9	13.3	2.5	26
9.2	8	2	12
9.2	8	2	12
10.8	11.5	5.8	19
10.8	11.5	5.8	18
10.8	11.5	5.8	19
10.8	11.5	5.8	18
11.1	14.1	5.8	12
11.1	14.1	5.8	19
11	15	5.5	28
11	14.3	5.5	30
10.6	15.1	5.5	37
10.6	14.3	5.5	35
14.2	39.1	5.1	0
15	27.4	5.9	0
12	15.5	4.7	3
14.2	16.8	4.9	42
14.2	16.8	4.9	43
8.4	4.2	2.6	5
2.6	8	2	3
14.2	17.5	5.4	40
14.2	17.5	5.4	42
14.5	17.7	5.5	43
14.9	3.5	2.3	5
14.9	3.5	2.3	5
13.2	8.2	3	14
13.2	8.2	3	14
9.3	6.5	4.5	10
9.3	6.5	4.5	10
9.2	13.2	2	28
22.2	13.3	2	0
9.2	15	2.3	31
9.2	15	2.3	31
13	15	2.3	38
13	15	2.3	38
12.9	15	3.1	37
12.9	15	3.1	37
9.2	6.9	2.3	12
9.2	6.9	2.3	12
13.2	6.9	7	19
10	10	12	
10	10	4	
14.7	24.4	3.2	
10	10	4	
10	10	4	
20.1	13.5	4.4	34
12	12	4	0
12	12	4	0
10	10	12	
50.1	20	2.6	0
37.1	20	2.6	0
50.1	13.8	4.3	0
50.1	13.8	4.3	0
37.1	13.8	4.3	0
37.1	13.8	4.3	0
23	19.3	6.8	51
22.3	19.4	6.7	64
13.8	13.4	6.7	24
14.7	12.2	3.2	18
14.8	31.4	15.8	0
27.5	17.1	15.8	0
16.4	44.7	14.1	0
27.4	38.7	12.4	0
12	12	12	3
12	12	12	22
8.1	6.6	2.1	22
8.1	6.6	2.1	21
10	10	4	
14.4	38.6	7.7	0
51	20	4	0
50.5	20	2.6	0
15.1	19.9	1.9	41
51	13.8	8.9	0
51	13.8	10.6	0
53	14.5	10.9	0
15.5	13.5	4.4	26
15.1	14.9	4.9	27
15.4	13.5	4.4	26
15.4	13.5	4.4	26
14.9	13.5	4.4	24
14.9	13.5	4.4	25
20	13.5	4.4	32
20	13.5	4.4	32
43.2	9.5	7.1	0
21.8	10.5	7.6	36
23	19.3	6.8	51
22.3	19.4	6.7	64
13.8	13.4	6.7	24
51.4	16.7	8.3	0
17.6	42.1	11.1	0
20.8	45.8	5.2	0
21.7	13.7	5.6	63
14.8	24.4	3.2	0
14.7	11	4.5	8
14.7	11	4.5	8
9.8	8.2	4.6	6
13.5	12.6	6	0
9.8	7.6	4.2	0
17.9	16.3	8.1	43
17.9	17.8	8.1	46
16.2	16.9	8.1	35
19.3	19.6	7.2	84
19.3	19.6	7.2	71
14.9	14.7	3.4	49
6.6	13.8	4.7	23
2.8	4.6	1.6	2
25	45.8	23	0
12.9	18.9	6	68
30.8	32.5	4.4	0
12	12	4	22
12	12	4	7
12	12	4	6
10	10	12	
10	10	12	
7.9	5.3	11.5	26
7.9	5.3	11.5	25
20.1	16.3	3.1	65
20.1	16.3	3.1	67
15.7	16.2	3.1	50
15.7	16.2	3.1	52
14.9	14.6	3.2	65
21.9	10.2	1.9	57
21.9	10.3	1.9	63
15.2	13.2	4	38
15.2	13.2	4	41
15.2	13.2	4	39
15.2	13.2	4	39
15.2	13.2	4	39
21.3	4.5	2.2	26
21.3	4.5	2.2	26
16.7	6.4	1	11
17.8	6.4	1	13
17.8	6.6	1.9	15
16.5	6.8	1	8
13.7	16.5	6.5	75
25.5	12.5	4.6	0
25.5	12.5	4.6	0
17	12	4.3	27
17	12	4.3	27
25.6	20.9	3.6	0
17	19	6.6	64
14.8	13.4	5.1	26
14.8	13.4	5.1	26
28.2	15	5.5	0
28.2	15	5.5	0
13.1	16	5.2	49
10.1	5	1.8	8
5	19.1	3.7	22
3.3	19.1	1.3	8
21.3	22.9	5.9	98
21.9	22.8	5.9	124
21.9	23	5.9	139
21.1	22.8	5.2	104
21.1	24	5.2	106
23.1	22.8	5.3	108
23.1	22.8	5.3	113
14.7	13.5	3	21
13.2	7.1	4.8	22
13.2	7.1	4.8	22
4	8.2	4.4	7
8.2	6.8	4.2	9
7	10.2	3.7	15
7	10.2	3.7	15
15.7	7.5	8.2	13
15.7	7.5	8.2	13
15	7.5	8.2	14
15	7.5	8.2	14
10.9	21.2	5.7	84
10.9	21	5.7	78
24.2	45.8	24.2	0
21.5	17.2	4	65
21.5	17.2	4	64
21.4	17.2	4	67
21.4	17.2	4	64
22.6	17.2	4	72
22.6	17.2	4	69
17.3	19.4	3.2	55
6	6	3.3	2
6	6	3.3	2
20.1	5.9	3.8	23
20.1	5.9	3.8	23
20	15.7	2.6	95
20	5.9	3.8	22
20	5.9	3.8	22
15	15.1	2.8	94
15.2	15.5	2.8	66
15.2	15.5	2.8	77
25.2	15.5	3.1	70
19.7	4.6	3.1	18
19.7	4.6	3.1	18
8.6	6.4	2.4	23
10	15	12	
10	15	12	
11.7	2.8	2.3	29
11.7	2.8	2.3	28
11.2	4.4	2.7	11
11.2	4.4	2.7	11
6.2	7.7	3.3	9
6.2	7.7	3.3	9
11.3	5.2	2.6	14
11.3	5.2	2.6	14
7.2	7.3	3.2	22
7.2	7.3	3.2	21
4.3	5.1	2	5
4.2	4.4	5.4	11
10	10	4	
5.3	4.2	10.5	16
5.3	4.2	10.5	16
20.8	16	3.8	67
20.8	16	3.8	67
14.4	10.6	7.5	11
19.7	10	3.4	48
15.5	10.2	1.9	38
15.5	10	1.9	38
15.9	13.7	4.1	39
15.9	13.7	4.1	42
15.5	13.8	4.1	38
15.5	13.8	4.1	39
15.5	4.6	2.2	17
15.5	5.2	2.2	20
19.7	4.6	2.2	17
19.7	4.5	2.2	17
14.1	6.6	4.4	17
15.7	6.4	4.3	21
21.6	6.7	2.5	22
9.2	6.4	1	6
12.4	6.5	1	10
22	6.7	2	19
15.3	12.5	6.8	68
11.9	14.7	5	50
25	13.4	5	0
17	12.4	4.3	28
17	12.4	4.3	28
25	22.2	3.4	0
18.4	18.5	7.3	59
15	13.4	5	26
15	13.4	5	26
26.9	15.4	5.4	0
26.9	15.4	5.4	0
15	19.2	4.9	67
12.2	15.3	4.9	40
10.1	4.9	1.8	9
5.8	18.7	3.6	22
3.5	18.8	1.3	7
20.7	14.7	5.7	56
20.7	14.7	5.7	56
21	14.7	5.9	62
21	14.7	5.9	66
20.6	16.5	5.7	79
21.1	13.7	5.6	73
21.1	13.7	5.6	63
20.7	19.2	5.2	105
21.1	18.8	5.2	83
21.6	11.1	6.5	37
20.5	11.1	6.5	34
20.5	11.1	6.5	34
25	45.9	23	0
11.6	17.5	3.5	34
11.6	17.4	3.5	34
21.6	17.6	3.4	63
21.6	17.6	3.4	59
21.7	17.8	3.6	63
21.7	17.6	3.6	63
21.5	17.8	3.7	69
22.7	17.5	3.7	67
15	20.6	3.3	56
6	6	3.3	1
6	6	3.3	1
20.1	15.3	2.6	80
20.1	5.7	4.2	21
20.1	5.7	4.2	21
15.4	16.4	2.7	52
5.4	5.3	2.9	3
5.4	5.3	2.9	3
19.5	4.4	2.9	14
19.5	4.4	2.9	14
10	15	12	
10	10	12	
18	40.5	8	0
14.3	38.6	7.7	0
51	20	3.4	0
51	13.8	8.6	0
51	13.8	7.5	0
50.3	14.3	7.5	0
15.5	13	4.2	24
15	13.5	4.9	24
15.5	13	4.2	25
15.5	13	4.2	25
15	13	4.2	24
15	13	4.2	23
9.1	5.8	4	10
5.8	12.1	3.4	13
14.5	5.2	5.9	7
18.4	10.5	4.2	49
10	17.2	5.9	21
7.9	4.5	3.7	8
2.4	3.9	4.1	2
50.6	16.7	8	0
50.6	16.7	8	0
17	42.2	11.2	0
27	19.4	5.1	0
21.1	14	5.6	74
21.1	14	5.3	59
13.9	24.1	3.2	0
14.1	10.6	5.1	8
14.1	10.6	5.1	8
9.8	8.2	4.6	6
13	12.7	6	0
14.1	11.5	8.2	9
14.1	11.5	8.2	9
14.1	17.5	8.2	21
8.9	5	3.8	4
17.7	15.5	8.2	42
17.7	15.5	8.2	45
8.3	14.5	8.2	8
16.3	17	8.1	35
17.7	18.5	6.3	81
17.7	18.5	6.3	68
3.5	2.9	1.6	3
3.5	2.9	1.6	3
2.8	4.4	1.6	2
15.7	16.7	2.8	33
15.7	15.7	2.8	32
10	10	4	
10	10	12	
10	10	12	
6.3	4.8	11.5	19
18	20.9	8	53
19.5	40.9	6	0
14.5	20.1	8	33
17.3	9.9	1.9	36
19.6	9.9	1.9	43
15.9	13.5	4.2	25
15.9	13.5	4.2	26
15.5	13	4.2	24
15.5	13	4.2	25
15.5	13	4.2	24
15.5	13.5	4.9	24
15	13.5	4.9	23
15	13	4.2	23
15.5	13	4.2	25
15.5	13	4.2	25
15.5	13.8	4.1	35
15	13.8	4.1	36
15	13.8	4.1	37
19.6	12.5	4.1	43
31	5	2.2	0
3.5	5	2.2	2
3.4	12.2	5.8	46
5.8	12.1	3.4	12
18.4	10.5	4.6	29
14.5	5.2	5.9	7
7.5	12.3	3.1	32
18.5	6.8	6.2	19
18.4	10.5	4.2	49
7.9	4.5	3.7	7
2.4	3.9	4.1	2
7.1	3.7	2.7	7
50.6	16.7	8	0
50.6	16.7	8	0
24.8	13.4	5.7	0
17	42.2	11.2	0
24.8	20.8	3.4	0
27.4	15.4	5.5	0
27.4	15.4	5.5	0
27	19.4	5.1	0
20.7	15.6	5.7	58
21	16.1	5.7	72
21	13.5	5.7	79
20.8	13.7	5.3	49
21.1	14	5.3	59
20.8	19.2	5.2	102
14.2	8.5	3.8	40
14.2	7.5	3.8	32
10.2	4.7	3.1	13
10.2	4.7	3.1	13
16.2	8.2	4	32
16.2	8.2	4	32
10	5.5	4	13
10.2	5.5	4	15
12.6	10.7	3.8	20
12.6	10.7	3.8	20
11.9	11	3.8	11
11.9	11	3.8	12
6.5	9.5	7.2	10
6.5	9.5	7.2	10
21.3	11.2	7.8	34
21.3	11.1	7.8	34
21.5	11.1	5.6	35
20.8	11.2	6.5	33
20.8	11.2	6.5	33
42.7	20.8	8.3	0
42.7	20.8	8.3	0
41.2	19.8	7	0
41.2	19.8	7	0
30.8	29.8	2.7	0
30.8	31.9	2.7	0
17.4	15.5	2.9	46
5.4	5.7	2.7	7
5.4	5.7	2.7	7
10	10	4	
8	8	12	
36.4	20.6	1.9	0
50.1	13.4	4.3	0
50.1	13.4	4.3	0
37.1	12	3.5	0
37.1	12	3.5	0
10.2	12.4	2	17
16.1	19.3	6.7	36
17.5	19.3	6.7	50
42.5	15	5.5	0
42.5	15	5.5	0
27.6	19.2	5.2	0
21.3	45.8	5.8	0
23.7	24.1	5.5	123
14.8	33	15.5	0
31.4	19.5	15.6	0
16.1	43.3	13.3	0
30	36.2	12.6	0
8.6	6.4	2.4	39
8.6	6.4	2.4	39
10	10	4	
6.3	4.8	10.7	18
19.4	14.5	8.9	113
19.4	14.5	8.9	129
18.8	8.6	6.1	50
18.8	8.6	6.1	50
14.6	11.3	2.2	23
17.4	16.6	7.8	27
17.4	16.6	7.8	26
10.8	11.5	2.7	32
15	11.8	3.7	26
11	11.9	5.2	26
7.7	9.2	4.1	18
15	20.9	4	73
10.1	19	3.4	39
17.1	17.5	6.3	82
14.9	4.8	3	21
14.9	4.8	3	22
12.1	15.4	4.9	27
14.8	5.7	3.4	11
5.9	5.7	2.3	7
9.5	5.2	1.6	9
9.5	5.2	3.8	11
11.7	5.2	2.7	16
11.7	5.2	2.2	14
16.1	19	1.8	54
5.6	5.1	2.5	5
5.6	5.1	2.5	5
16.1	5	2.6	18
10.2	21.3	6.2	83
10.2	21.2	6.2	80
12.9	19	6.2	66
12.9	19.2	6.2	58
10.2	19.7	3.6	54
10.2	19.6	3.6	54
11.7	17.5	3.6	34
11.7	17.5	3.6	33
22.9	17.5	3.6	69
22.9	17.5	3.6	68
21.7	17.5	3.6	65
21.7	17.5	3.6	64
21.3	5.4	2.7	25
21.3	5.4	2.7	25
10	10	4	
10	10	12	
10	15	12	
10	15	12	
10	17	12	
10	10	12	
10	10	12	
17.3	7.7	3.1	21
15.2	6.9	4.3	19
15.2	6.9	4.3	21
4	6.9	4.8	5
4	7.2	4.8	6
7.3	3.2	2.4	9
7.3	3.2	2.4	9
9.9	5.2	4.7	11
9.9	5.2	4.7	10
7.7	4.8	3.8	10
4.5	4.8	3.8	6
10	15	12	
10	15	12	
6.3	4.8	11.5	19
6.3	4.8	11.5	19
21.7	23	8.7	
21.7	22.9	8.7	
20.6	23	8.7	0
20.6	22.9	8.7	0
39.8	23	8.7	0
39.8	22.9	8.7	0
30.3	16.8	7.8	0
30.3	16.8	7.8	0
14.5	20.1	8	32
19.6	20	3.5	53
15.9	19.9	2.7	47
15.9	13.5	4.2	25
15.9	13.5	4.2	25
15.5	13	4.2	24
15.5	13	4.2	24
15.5	13	4.2	24
15.5	13.5	4.9	24
15	13.5	4.9	23
15	13	4.2	23
15.5	13.8	4.1	35
15.5	13.8	4.1	35
15	13.8	4.1	36
15	13.8	4.1	37
19.6	12.5	4.3	43
3.5	5	2.2	2
3.4	12.2	5.8	17
5.8	12.1	3.4	12
18.4	10.5	4.6	28
14.5	5.2	5.8	7
7.5	12.3	3.1	25
18.5	6.8	6.2	19
18.4	10.5	4.2	49
7.9	4.5	3.7	7
2.4	3.9	4.1	2
7.1	3.7	2.7	7
50.6	16.7	8	0
50.6	16.7	8	0
24.8	13.4	5.7	0
24.8	20.8	3.4	0
15	13.4	5	25
15	13.4	5	25
27.4	15.4	5.5	0
27.4	15.4	5.5	0
27	19.4	5.1	0
20.7	15.6	5.7	58
21	16.1	5.7	69
21	16.1	5.7	72
20.7	14.8	5.7	81
21	13.5	5.7	79
20.8	13.7	5.3	49
20.8	13.7	5.3	51
21.1	14	5.6	74
21.1	14	5.3	59
20.8	19.2	5.2	102
23.1	18.8	5.2	99
14.1	12.3	3.5	21
14.1	12.3	3.5	21
10.2	4.7	3.1	13
10.2	4.7	3.1	13
14.2	8.1	5.3	25
14.2	8.1	5.3	25
15.2	6.7	2.8	11
15.2	6.7	2.8	11
7.5	11.2	3.6	15
7.5	11.2	3.6	15
6.6	15.3	4.3	18
21.3	11.2	7.8	34
21.3	11.1	7.8	34
30.3	14.3	3.2	0
10.2	20.9	6.3	84
10.2	20.8	6.3	79
22.9	45.8	22.8	0
42.7	20.8	8.3	0
42.7	20.8	8.3	0
41.2	19.8	7	0
41.2	19.8	7	0
40	19.9	7	0
40	19.9	7	0
35.2	20.3	11.9	0
35.2	20.3	11.9	0
30.8	29.8	2.7	0
30.8	31.9	2.7	0
13.4	16.4	2.9	42
10	10	4	
10	10	12	
6.3	4.8	11.5	19
6.3	4.8	11.5	19
20.6	15.7	3.2	109
17.4	16.6	7.8	29
17.4	16.6	7.8	27
8.9	11.2	6.7	1
9.9	5.4	2.4	7
10.8	11.5	2.7	31
14.9	20.8	3.1	67
9.8	18.9	3.4	38
14.9	4.9	3.2	20
14.9	4.9	3.2	22
14.9	4.9	3.8	18
14.9	4.9	3.8	18
7.7	4.8	3.3	13
4.6	4.8	3.3	8
12.2	5.7	3.1	13
12.2	5.7	3.1	14
14.8	14.4	5.4	34
14.8	14.4	5.4	30
15.1	7.6	4.1	20
14.8	4.8	2.2	11
14.8	4.8	2.2	11
5.7	9.6	1.5	11
5.7	9.6	1.5	11
11.8	5.7	2.5	16
11.8	5.7	2.9	18
16	5.7	1	13
16	5.7	1	13
16.1	7.9	1.9	20
16.1	7.9	1.9	20
10.4	5.1	3.1	13
9.6	5.1	2.9	14
20.7	5.1	2.8	16
20.7	5.1	2.8	15
5.1	11.2	2.6	11
5.1	11.2	4.6	10
9.5	5.2	1.6	9
9.5	5.2	3.9	13
5.1	8.7	4.1	4
16.1	19	1.8	54
3.5	2.3	1.7	3
3.5	2.3	1.7	3
16.1	5	2.6	21
16.1	5	2.6	21
20.8	6.2	5.4	50
20.8	6.2	5.4	50
22.9	45.8	22.8	0
10.2	19.8	3.6	54
10.2	19.8	3.6	55
11.7	15.3	3.6	32
11.7	19.4	3.6	41
21.7	17.6	3.5	64
21.7	17.4	3.5	61
21.7	17.5	3.6	66
21.7	17.4	3.6	65
22.3	18.1	3.8	71
21.1	17.4	3.8	68
17.4	20	3.3	60
21.3	5.4	2.7	25
21.3	5.4	2.7	25
20.4	5.4	2.7	22
20.4	5.4	2.7	22
5.9	10.3	4.1	9
5.9	10.3	4.1	9
13.4	15.5	2.8	81
13.4	15.5	2.8	74
5.3	4.9	2.8	6
5.3	4.9	2.8	6
10	15	12	
10	15	12	
10	12	12	
10	10	12	
10	10	12	
8	8	12	
8	8	12	
10	15	12	
10	15	12	
10	15	12	
10	15	12	
26.4	40.9	12.7	0
10	10	4	
12.2	10.2	11.5	30
16.8	16.8	4.3	31
4.7	14.4	5.1	18
4.5	14.7	2.8	23
14.3	14.2	4.7	0
14.3	14.2	4.7	0
14.7	15	4.8	0
14.7	15	4.8	0
14.7	15	4.8	0
14.7	15	4.8	0
14.5	33.3	4.7	0
14.5	18.2	4.8	2
8.1	5.8	1.5	8
33.8	43.1	12.5	0
28.7	25.9	9.9	0
28.7	16.8	4.7	0
16.7	41.9	7.9	0
28.7	17.1	5.3	0
15.7	18.3	7.5	27
15.7	18.3	7.5	28
10.7	17.6	4.3	52
13.4	14.9	7.1	38
13.4	12	7.1	31
14.6	14.6	7.2	34
14.6	13.6	7.2	30
15.2	14.1	6.5	33
15.2	14.1	6.5	33
15	14	3.4	33
15	14	3.4	33
10.3	12.5	7.2	23
12.7	4.4	1.2	9
27.8	14.5	6.9	0
27.8	14.5	6.9	0
12.8	14.5	5.4	49
15	14.5	2	57
14.7	5.5	1.8	14
17.6	21.8	5.2	0
7.5	5.4	2.5	11
7.5	5.4	2.5	13
10	2.9	2.8	6
10	2.9	3.6	6
12.8	10.8	5.2	11
12.8	10.8	5.2	13
5.1	11.4	3.6	11
5.1	11.4	3.6	11
5.8	4.8	3	5
11.4	11.6	4	24
11.4	11.6	4	24
13.2	6	3	17
4	11.4	1.5	11
5.5	6.4	6.9	13
10.9	14.7	4.4	25
14.8	11.4	5.6	16
14.8	11.4	5.6	16
16.1	11.1	4.5	15
16.1	11.1	4.5	15
14.3	6.9	3.1	17
14.5	14	5.2	18
14.5	14	5.2	18
16.8	12.6	8.4	16
16.8	12.6	8.4	17
14.5	6.3	3.1	14
14.5	6.3	3.1	14
14.6	6.3	4	2
14.6	6.3	4	2
14.6	14.8	2.8	25
14.6	14.8	2.8	25
14.6	10.7	2.2	34
14.6	10.7	2.2	34
7.5	10.2	2.6	44
10	10	4	
10	10	4	
10	15	12	
10	15	12	
10	15	12	
10	10	12	
5.1	4.7	4.9	7
5.1	4.7	4.9	8
22.2	15	4.7	0
22.2	15	4.7	0
22.2	15	4.7	0
22.2	15	4.7	0
14.5	20.8	4.7	0
14.5	18.3	4.7	0
1.7	14.6	0.7	7
1.7	14.6	0.7	6
21.5	11.5	5.6	0
21.5	11.5	5.6	0
11.1	14.1	5.8	12
11.1	14.1	5.8	19
11	15	5.5	28
11	14.3	5.5	30
10.6	15.1	5.5	37
10.6	14.3	5.5	35
6.6	5.4	5.8	8
6.6	5.4	5.8	8
14.2	39.1	5.1	0
15	27.4	5.9	0
11.9	9	4.7	4
10.8	4	7.3	0
28.7	16.8	4.7	0
28.7	16.8	4.7	0
10.2	14.1	6	10
10.2	14.9	6	13
14.6	15.6	5.3	33
9.6	10.4	5.2	20
2	9.1	2.8	8
12	12	4	6
14.2	17.5	5.4	40
14.2	17.5	5.4	42
14.5	17.7	5.5	43
10.7	9	5.4	18
7.1	12	5.2	15
7.1	12	5.2	17
14.9	7.1	2	22
11.2	7.1	2	17
8.5	4.1	1.7	5
15.2	4.7	1.8	25
15.2	4.7	1.8	25
14.6	3	1.1	18
14.6	3	1.1	18
5.2	8.9	5.2	13
9.9	5.3	2	7
9.9	5.3	2	7
11.6	2.4	1.9	6
7.9	6.8	2.2	11
22.2	13.3	2	0
22.2	13.3	2	0
17.6	11.6	8.3	28
17.6	11.6	8.3	28
10.5	15.8	4.3	52
11	12.7	4.3	39
10.2	7.5	4.4	25
10.2	7.5	4.4	24
10.2	15.7	4.1	44
10.2	12.6	4.1	33
10.2	7.5	4.1	25
10.2	7.5	4.1	25
10.2	19.6	3.1	42
10.2	16.4	3.1	33
10.1	23.1	3.5	42
10.1	23.1	3.5	39
10.1	15.7	3.1	34
10.1	15.7	3.1	25
11	2.8	2.6	9
11	2.8	2.6	9
14.8	3.1	1.8	8
14.8	3.1	1.8	8
14.8	5.8	2.8	22
14.8	5.8	2.8	22
12.9	15	3.1	37
16.1	11.1	4.5	15
16.1	11.1	4.5	15
16.8	12.6	4.8	18
16.8	12.6	4.8	18
13.2	6.9	7	19
13.2	6.9	7	16
12.7	6.9	7	15
12.7	6.9	7	15
20	20	4	
10	10	12	
10	10	12	
10	10	12	
3.3	11	3.1	14
2.7	10	2	5
2.7	10	2	5
15	9.1	3.8	27
15	9.1	3.8	27
10.2	5.6	1.9	13
10.2	5.6	1.9	9
10.2	5.1	2.6	7
10.2	4.2	3	6
10.2	4.2	3	6
6.4	3.4	1.1	5
6.4	5.6	1.7	6
14.2	5.5	3.9	15
14.2	5.5	3.9	15
14.5	5.2	1.4	11
14.5	5.2	1.4	11
6.4	4.3	2.3	10
6.4	4.3	2.3	10
10.3	5.8	2.6	7
10.3	5.8	2.6	7
13.2	5.6	1.7	20
13.2	5.6	1.7	20
12.7	5.6	1.7	21
12.7	5.6	1.7	21
10	15	12	
10	15	12	
10	10	12	
34.1	36.3	4.8	0
12.9	39	5.9	0
29.3	51	29.2	0
56.6	51	29.2	0
16	10.7	0.8	48
14.3	21.7	4.8	101
11.9	21.7	4.8	111
27	44.5	2	0
27	44.5	2	0
27	44.5	2	0
27	39.4	2	0
10	10	4	
10	10	4	
15	12	12	
16	12	12	
11.6	4	11.2	27
9.2	21.4	5.3	46
17.3	10.8	3.2	30
17.3	10.8	3.2	30
17	26.2	4.9	85
17	24.8	4.9	78
11.9	9.1	4.6	21
11.9	9.1	4.6	21
17.2	25.8	7.4	0
17.2	25.8	7.4	0
18.5	15.8	2.3	47
17	21.5	3.1	0
13	19.6	4.2	41
13	18.6	4.2	46
11.9	19.8	1.6	35
13	20	5.3	59
13	19	5.3	57
11.7	31.5	5.8	0
11.7	18.2	7.1	37
28.8	19.6	7.4	0
17.1	18	6.5	36
16	13.9	7.2	23
16	12.4	6.7	23
14.3	11.1	4.3	30
11.7	20.7	5.2	33
17.1	20.7	7.1	69
17.1	19.4	7.1	59
5.9	2	2.6	4
5.9	2	2.6	2
11.9	23.5	7.8	51
11.9	23.5	7.8	50
13.8	14	6.9	37
13.8	14	6.9	35
18.8	8.4	5.3	29
21.1	7.8	5.4	19
21.1	7.8	5.4	19
17.9	4.9	4.4	19
17.9	4.9	4.4	19
14.7	18.5	5.2	28
18.1	9.2	6.6	16
18.1	9.2	6.6	16
18.5	7.4	6.2	24
18.5	7.4	6.2	24
17	12.1	2.6	58
9.4	10	2.3	52
10	15	12	
17.8	7.9	1.7	18
8.2	13.6	3.2	20
8.2	13.6	3.2	20
10	15	12	
10	10	12	
10	10	12	
44.3	19.3	6.8	0
21.3	18.5	6.7	0
10.3	5.8	2.9	15
10	10	4	
10	10	4	
10	10	4	
10	15	4	
8	8	4	
8	8	4	
10	10	4	
10	10	4	
10	10	4	
10	15	4	
10	10	4	
10	10	4	
10	10	4	
15	15	12	
10	10	12	
10	10	12	
15	38	12	
20	30	12	
42	15	12	
55	20	12	
6	6	12	
10	10	12	
10	35	12	
20	20	12	
20	20	12	
25	30	12	
27	18	12	
45	25	12	
55	18	12	
20	10	12	
22	10	12	
8	8	12	
15	15	12	
25	8	12	
25	10	12	
13	20	12	
10	10	12	
10	10	12	
12	18	12	
12	18	12	
18	15	12	
18	15	12	
10	10	12	
10	10	12	
10	10	12	
20	60	12	
10	10	12	
10	10	12	
10	10	12	
10	10	12	
19	13	12	
10	10	12	
10	10	12	
10	10	12	
10	10	12	
10	10	12	
10	10	12	
10	10	12	
10	10	12	
10	10	12	
10	10	12	
10	10	12	
10	10	12	
10	10	12	
10	10	12	
10	10	12	
10	10	12	
17	21	12	
10	10	12	
20	30	12	
30	20	12	
10	10	12	
18	18	12	
18	18	12	
18	18	12	
18	18	12	
18	18	12	
18	18	12	
10	10	4	
10	10	4	
10	10	4	
10	10	4	
10	10	4	
10	10	4	
10	10	4	
10	10	4	
10	10	4	
10	10	4	
10	10	4	
10	10	4	
10	10	4	
10	10	4	
10	10	4	
10	10	4	
10	10	4	
10	10	4	
10	10	4	
5	5	4	
5	5	12	
5	5	12	
5	5	12	
5	5	12	
5	5	12	
5	5	12	
10	10	4	
10	10	4	
10	10	4	
10	10	12	
10	10	12	
10	10	12	
10	10	12	
10	10	12	
10	10	12	
10	10	12	
10	10	12	
10	10	12	
10	10	4	
18	18	12	
20	30	12	
10	10	12	
20	10	12	
50	10	12	
67	30	12	
70	10	12	
30	10	12	
30	5	12	
20	10	12	
25	30	12	
16	22	12	
25	15	12	
25	16	12	
25	15	12	
10	20	12	
20	26	12	
10	10	12	
11	14	12	
14	11	12	
10	10	12	
10	10	12	
10	10	12	
10	10	12	
20	10	12	
35	12	12	
15	10	12	
10	10	12	
60	12	12	
18	55	12	
15	15	12	
10	10	12	
15	15	12	
45	5	12	
15	15	12	
11	15	12	
40	10	12	
10	10	12	
30	40	12	
18	18	12	
18	18	12	
30	30	12	
10	10	12	
10	10	12	
10	10	12	
15	18	12	
18	15	12	
18	18	12	
15	25	12	
20	10	12	
20	15	12	
20	23	12	
10	10	12	
10	10	12	
10	10	12	
30	5	12	
10	10	12	
